0.001	0.918	0.004	0.003	0.005	0.069
0.001	0.357	0.034	0.047	0.048	0.513
0.001	0.029	0.004	0.003	0.003	0.959
0.001	0.62	0.011	0.105	0.006	0.256
0.001	0.636	0.004	0.005	0.004	0.35
0.004	0.109	0.186	0.004	0.01	0.686
0.002	0.774	0.015	0.028	0.032	0.149
0.001	0.256	0.003	0.002	0.004	0.733
0.002	0.006	0.005	0.003	0.004	0.98
0.001	0.062	0.014	0.007	0.019	0.896
0.001	0.853	0.007	0.003	0.008	0.127
0.009	0.352	0.107	0.078	0.008	0.446
0.003	0.016	0.006	0.003	0.005	0.966
0.002	0.694	0.005	0.004	0.003	0.293
0.001	0.535	0.11	0.108	0.01	0.237
0.001	0.712	0.003	0.005	0.034	0.244
0.002	0.068	0.032	0.178	0.004	0.716
0.001	0.098	0.027	0.237	0.005	0.632
0.001	0.763	0.004	0.005	0.006	0.221
0.002	0.123	0.005	0.522	0.027	0.32
0.001	0.921	0.003	0.003	0.006	0.065
0.001	0.193	0.101	0.002	0.026	0.676
0.002	0.376	0.015	0.026	0.027	0.554
0.002	0.14	0.679	0.004	0.011	0.165
0.001	0.011	0.007	0.003	0.004	0.974
0.002	0.212	0.528	0.003	0.006	0.25
0.002	0.218	0.147	0.013	0.016	0.605
0.001	0.358	0.013	0.011	0.004	0.613
0.001	0.653	0.123	0.008	0.005	0.21
0.002	0.024	0.003	0.002	0.005	0.964
0.001	0.156	0.005	0.004	0.016	0.818
0.002	0.655	0.007	0.022	0.056	0.259
0.011	0.224	0.009	0.009	0.02	0.726
0.004	0.222	0.012	0.07	0.006	0.685
0.001	0.217	0.009	0.015	0.006	0.752
0.003	0.184	0.017	0.016	0.047	0.733
0.005	0.026	0.006	0.006	0.012	0.945
0.001	0.908	0.004	0.004	0.017	0.066
0.003	0.016	0.006	0.004	0.004	0.968
0.001	0.321	0.012	0.003	0.004	0.659
0.001	0.375	0.005	0.004	0.003	0.613
0.001	0.307	0.003	0.003	0.013	0.672
0.001	0.201	0.004	0.002	0.003	0.788
0.002	0.015	0.009	0.003	0.003	0.969
0.001	0.201	0.005	0.002	0.003	0.788
0.001	0.486	0.006	0.01	0.006	0.492
0.001	0.555	0.003	0.003	0.006	0.431
0.001	0.201	0.005	0.002	0.003	0.788
0.006	0.462	0.004	0.005	0.01	0.513
0.001	0.427	0.015	0.004	0.018	0.534
0.001	0.165	0.005	0.005	0.004	0.819
0.002	0.162	0.009	0.006	0.009	0.813
0.001	0.938	0.01	0.003	0.003	0.045
0.002	0.02	0.004	0.004	0.025	0.945
0.002	0.641	0.024	0.018	0.032	0.284
0.001	0.011	0.003	0.002	0.003	0.979
0.001	0.629	0.004	0.003	0.004	0.358
0.002	0.011	0.006	0.003	0.004	0.975
0.001	0.205	0.008	0.009	0.012	0.765
0.001	0.38	0.005	0.005	0.026	0.582
0.001	0.909	0.004	0.003	0.004	0.079
0.001	0.178	0.007	0.004	0.006	0.805
0.002	0.026	0.004	0.002	0.007	0.959
0.001	0.568	0.004	0.005	0.009	0.413
0.003	0.691	0.01	0.005	0.018	0.273
0.001	0.054	0.008	0.025	0.019	0.892
0.001	0.41	0.005	0.003	0.004	0.576
0.002	0.102	0.004	0.004	0.006	0.883
0.001	0.036	0.005	0.01	0.022	0.927
0.001	0.004	0.004	0.003	0.984	0.004
0.002	0.004	0.004	0.983	0.004	0.003
0.001	0.005	0.009	0.973	0.008	0.004
0.001	0.004	0.004	0.983	0.004	0.003
0.002	0.004	0.003	0.979	0.008	0.004
0.001	0.004	0.009	0.974	0.007	0.004
0.001	0.005	0.014	0.003	0.965	0.012
0.002	0.004	0.004	0.985	0.004	0.003
0.004	0.357	0.057	0.007	0.009	0.565
0.001	0.003	0.003	0.986	0.003	0.003
0.001	0.007	0.007	0.968	0.008	0.008
0.001	0.005	0.004	0.977	0.007	0.005
0.002	0.004	0.003	0.984	0.004	0.003
0.001	0.004	0.003	0.004	0.984	0.004
0.001	0.007	0.008	0.611	0.367	0.005
0.002	0.004	0.008	0.978	0.005	0.003
0.001	0.004	0.966	0.015	0.011	0.003
0.001	0.004	0.963	0.02	0.009	0.003
0.001	0.003	0.973	0.01	0.009	0.003
0.002	0.003	0.003	0.986	0.003	0.003
0.001	0.573	0.014	0.007	0.006	0.399
0.001	0.004	0.584	0.397	0.01	0.004
0.014	0.004	0.012	0.963	0.004	0.003
0.001	0.004	0.002	0.003	0.985	0.004
0.003	0.011	0.015	0.954	0.009	0.007
0.002	0.004	0.006	0.982	0.004	0.003
0.001	0.004	0.007	0.975	0.008	0.004
0.001	0.005	0.004	0.975	0.01	0.004
0.001	0.005	0.007	0.976	0.006	0.004
0.004	0.045	0.893	0.011	0.004	0.044
0.001	0.017	0.931	0.01	0.018	0.022
0.002	0.007	0.972	0.009	0.004	0.007
0.002	0.103	0.719	0.008	0.006	0.162
0.003	0.006	0.973	0.007	0.005	0.006
0.001	0.004	0.981	0.005	0.004	0.005
0.002	0.004	0.006	0.982	0.004	0.003
0.001	0.004	0.003	0.985	0.003	0.003
0.001	0.005	0.975	0.011	0.003	0.004
0.001	0.054	0.854	0.008	0.018	0.065
0.017	0.961	0.006	0.004	0.005	0.007
0.001	0.005	0.004	0.98	0.007	0.004
0.001	0.004	0.004	0.982	0.006	0.003
0.001	0.005	0.004	0.979	0.007	0.004
0.002	0.027	0.004	0.004	0.117	0.847
0.002	0.01	0.018	0.395	0.569	0.006
0.001	0.004	0.003	0.983	0.006	0.003
0.001	0.022	0.021	0.068	0.877	0.011
0.002	0.014	0.046	0.005	0.107	0.827
0.001	0.03	0.922	0.024	0.008	0.014
0.002	0.161	0.008	0.742	0.017	0.07
0.001	0.004	0.006	0.977	0.008	0.004
0.001	0.396	0.009	0.468	0.016	0.109
0.001	0.407	0.004	0.004	0.004	0.579
0.001	0.524	0.022	0.015	0.006	0.432
0.064	0.006	0.87	0.044	0.007	0.009
0.002	0.73	0.043	0.013	0.03	0.181
0.993	0.001	0.001	0.001	0.001	0.001
0.994	0.001	0.001	0.001	0.001	0.001
0.001	0.651	0.006	0.008	0.008	0.326
0.001	0.922	0.011	0.008	0.023	0.035
0.002	0.084	0.022	0.018	0.797	0.077
0.993	0.001	0.001	0.002	0.001	0.001
0.002	0.004	0.003	0.003	0.986	0.003
0.001	0.255	0.004	0.005	0.005	0.73
0.002	0.024	0.867	0.009	0.028	0.07
0.001	0.909	0.009	0.006	0.037	0.038
0.002	0.011	0.825	0.117	0.041	0.004
0.001	0.052	0.008	0.037	0.875	0.027
0.993	0.001	0.001	0.001	0.001	0.001
0.001	0.633	0.007	0.016	0.027	0.316
0.993	0.001	0.001	0.002	0.001	0.001
0.005	0.277	0.24	0.005	0.031	0.442
0.001	0.89	0.041	0.013	0.008	0.047
0.005	0.684	0.004	0.005	0.003	0.3
0.001	0.423	0.13	0.013	0.005	0.427
0.002	0.019	0.024	0.009	0.008	0.938
0.002	0.009	0.005	0.003	0.003	0.978
0.001	0.691	0.004	0.005	0.074	0.225
0.001	0.816	0.03	0.003	0.012	0.137
0.004	0.467	0.005	0.004	0.004	0.515
0.003	0.178	0.012	0.005	0.068	0.734
0.015	0.25	0.005	0.01	0.014	0.705
0.002	0.136	0.007	0.007	0.01	0.838
0.004	0.468	0.129	0.043	0.017	0.34
0.001	0.267	0.004	0.006	0.008	0.714
0.001	0.743	0.006	0.005	0.024	0.221
0.001	0.414	0.064	0.007	0.008	0.506
0.001	0.706	0.005	0.002	0.004	0.281
0.001	0.502	0.005	0.005	0.007	0.479
0.001	0.194	0.004	0.003	0.003	0.795
0.002	0.08	0.008	0.008	0.042	0.861
0.001	0.868	0.012	0.01	0.006	0.102
0.002	0.125	0.09	0.027	0.004	0.752
0.992	0.002	0.002	0.002	0.002	0.002
0.001	0.005	0.003	0.004	0.983	0.004
0.993	0.001	0.001	0.001	0.001	0.001
0.993	0.001	0.001	0.001	0.001	0.001
0.001	0.003	0.007	0.981	0.005	0.003
0.001	0.07	0.075	0.826	0.006	0.022
0.991	0.002	0.002	0.002	0.002	0.002
0.975	0.005	0.004	0.007	0.005	0.004
0.992	0.001	0.002	0.001	0.001	0.002
0.001	0.004	0.003	0.003	0.973	0.015
0.001	0.045	0.007	0.003	0.006	0.937
0.993	0.001	0.001	0.001	0.001	0.001
0.001	0.015	0.005	0.003	0.005	0.971
0.001	0.763	0.005	0.009	0.029	0.192
0.002	0.004	0.003	0.003	0.984	0.004
0.001	0.029	0.003	0.003	0.003	0.96
0.002	0.269	0.006	0.007	0.011	0.705
0.002	0.3	0.004	0.003	0.011	0.681
0.001	0.121	0.004	0.003	0.003	0.867
0.001	0.209	0.007	0.02	0.019	0.743
0.003	0.009	0.007	0.004	0.01	0.967
0.001	0.783	0.013	0.011	0.011	0.181
0.001	0.041	0.007	0.004	0.012	0.933
0.99	0.002	0.002	0.002	0.002	0.002
0.005	0.067	0.061	0.003	0.005	0.859
0.001	0.636	0.037	0.083	0.041	0.203
0.001	0.413	0.006	0.003	0.007	0.57
0.992	0.002	0.002	0.001	0.001	0.002
0.002	0.003	0.008	0.98	0.005	0.003
0.993	0.001	0.002	0.001	0.001	0.001
0.002	0.31	0.326	0.057	0.212	0.094
0.001	0.008	0.944	0.034	0.006	0.008
0.991	0.001	0.003	0.001	0.001	0.001
0.001	0.867	0.03	0.031	0.016	0.054
0.002	0.077	0.025	0.045	0.793	0.058
0.001	0.88	0.01	0.005	0.006	0.099
0.002	0.004	0.005	0.02	0.966	0.004
0.001	0.558	0.004	0.009	0.004	0.423
0.002	0.297	0.01	0.009	0.008	0.675
0.002	0.979	0.005	0.004	0.005	0.006
0.001	0.015	0.007	0.008	0.01	0.959
0.002	0.015	0.899	0.062	0.009	0.013
0.001	0.098	0.848	0.005	0.021	0.027
0.002	0.005	0.973	0.01	0.006	0.005
0.002	0.176	0.684	0.004	0.022	0.113
0.001	0.005	0.002	0.003	0.984	0.004
0.993	0.001	0.001	0.001	0.001	0.001
0.001	0.782	0.008	0.055	0.033	0.122
0.001	0.831	0.004	0.01	0.022	0.131
0.993	0.001	0.001	0.002	0.001	0.001
0.992	0.001	0.002	0.001	0.001	0.002
0.993	0.001	0.001	0.001	0.001	0.001
0.001	0.1	0.007	0.004	0.012	0.876
0.021	0.003	0.008	0.948	0.006	0.013
0.001	0.188	0.003	0.004	0.005	0.799
0.004	0.017	0.006	0.007	0.025	0.941
0.001	0.024	0.004	0.004	0.009	0.958
0.001	0.044	0.007	0.005	0.005	0.937
0.001	0.739	0.003	0.004	0.005	0.248
0.001	0.327	0.004	0.004	0.007	0.657
0.001	0.016	0.012	0.044	0.004	0.922
0.002	0.822	0.01	0.011	0.01	0.146
0.001	0.126	0.003	0.003	0.003	0.863
0.001	0.055	0.018	0.003	0.003	0.921
0.003	0.369	0.095	0.01	0.005	0.519
0.002	0.147	0.011	0.008	0.252	0.58
0.001	0.04	0.004	0.011	0.006	0.938
0.003	0.089	0.005	0.008	0.009	0.885
0.001	0.571	0.005	0.017	0.004	0.402
0.001	0.337	0.004	0.008	0.005	0.645
0.001	0.76	0.025	0.087	0.037	0.089
0.001	0.473	0.006	0.006	0.011	0.503
0.002	0.004	0.003	0.985	0.003	0.003
0.002	0.976	0.005	0.005	0.006	0.007
0.011	0.534	0.008	0.003	0.134	0.31
0.002	0.004	0.006	0.974	0.011	0.004
0.002	0.004	0.006	0.974	0.011	0.004
0.002	0.004	0.006	0.974	0.011	0.004
0.002	0.004	0.006	0.974	0.011	0.004
0.002	0.004	0.006	0.974	0.011	0.004
0.002	0.901	0.009	0.006	0.044	0.038
0.001	0.874	0.005	0.008	0.074	0.038
0.001	0.445	0.004	0.005	0.009	0.537
0.001	0.828	0.005	0.009	0.005	0.151
0.002	0.048	0.013	0.007	0.883	0.047
0.001	0.056	0.005	0.005	0.006	0.927
0.002	0.026	0.013	0.016	0.013	0.929
0.002	0.395	0.006	0.007	0.004	0.586
0.002	0.376	0.013	0.023	0.008	0.579
0.001	0.02	0.004	0.004	0.004	0.966
0.001	0.209	0.086	0.003	0.004	0.697
0.001	0.098	0.005	0.003	0.006	0.888
0.002	0.98	0.004	0.004	0.005	0.005
0.001	0.031	0.006	0.005	0.006	0.95
0.001	0.841	0.005	0.005	0.004	0.143
0.002	0.019	0.007	0.928	0.033	0.012
0.993	0.001	0.001	0.002	0.001	0.001
0.002	0.004	0.004	0.984	0.004	0.003
0.001	0.831	0.006	0.014	0.1	0.046
0.991	0.002	0.002	0.002	0.002	0.002
0.001	0.9	0.009	0.006	0.044	0.039
0.002	0.047	0.013	0.007	0.884	0.048
0.001	0.262	0.184	0.081	0.14	0.332
0.003	0.004	0.005	0.983	0.003	0.003
0.001	0.718	0.008	0.014	0.029	0.23
0.003	0.329	0.168	0.004	0.004	0.492
0.002	0.004	0.006	0.975	0.011	0.004
0.001	0.872	0.005	0.005	0.005	0.111
0.001	0.83	0.006	0.003	0.005	0.155
0.002	0.027	0.901	0.004	0.024	0.042
0.031	0.944	0.007	0.006	0.006	0.006
0.004	0.36	0.007	0.337	0.008	0.283
0.002	0.004	0.004	0.984	0.004	0.003
0.003	0.163	0.014	0.009	0.066	0.744
0.002	0.027	0.004	0.004	0.006	0.958
0.005	0.908	0.011	0.013	0.025	0.038
0.001	0.005	0.86	0.051	0.079	0.003
0.001	0.301	0.009	0.03	0.007	0.652
0.001	0.852	0.005	0.009	0.008	0.125
0.993	0.001	0.001	0.001	0.001	0.002
0.991	0.002	0.002	0.002	0.002	0.002
0.001	0.866	0.009	0.026	0.062	0.035
0.001	0.894	0.04	0.01	0.012	0.043
0.001	0.044	0.007	0.004	0.003	0.941
0.879	0.002	0.109	0.006	0.002	0.002
0.001	0.859	0.041	0.013	0.005	0.08
0.002	0.031	0.039	0.007	0.839	0.082
0.003	0.005	0.005	0.972	0.004	0.011
0.002	0.343	0.348	0.089	0.02	0.199
0.001	0.003	0.003	0.987	0.003	0.002
0.001	0.003	0.003	0.986	0.003	0.003
0.001	0.004	0.002	0.003	0.986	0.003
0.001	0.005	0.976	0.011	0.003	0.004
0.001	0.978	0.004	0.004	0.005	0.007
0.002	0.98	0.004	0.004	0.005	0.005
0.001	0.004	0.003	0.985	0.004	0.003
0.002	0.008	0.658	0.29	0.037	0.005
0.001	0.015	0.915	0.006	0.039	0.023
0.002	0.005	0.974	0.007	0.003	0.01
0.001	0.893	0.006	0.008	0.01	0.082
0.001	0.005	0.004	0.977	0.009	0.004
0.002	0.649	0.014	0.242	0.01	0.083
0.001	0.004	0.004	0.979	0.008	0.004
0.002	0.068	0.86	0.013	0.015	0.042
0.001	0.015	0.012	0.044	0.004	0.924
0.001	0.004	0.003	0.982	0.006	0.004
0.001	0.018	0.954	0.009	0.008	0.01
0.169	0.005	0.797	0.001	0.025	0.003
0.461	0.052	0.408	0.001	0.03	0.048
0.949	0.003	0.038	0.001	0.006	0.003
0.278	0.007	0.582	0.001	0.024	0.108
0.309	0.004	0.677	0.001	0.004	0.005
0.691	0.022	0.088	0.004	0.191	0.004
0.12	0.029	0.81	0.001	0.013	0.026
0.691	0.004	0.297	0.001	0.004	0.002
0.981	0.004	0.006	0.002	0.005	0.003
0.899	0.018	0.054	0.001	0.02	0.007
0.13	0.009	0.848	0.001	0.009	0.003
0.438	0.019	0.346	0.009	0.112	0.076
0.967	0.005	0.016	0.003	0.006	0.003
0.238	0.003	0.747	0.002	0.006	0.004
0.235	0.028	0.393	0.001	0.238	0.104
0.211	0.027	0.752	0.001	0.003	0.005
0.663	0.005	0.12	0.002	0.028	0.182
0.584	0.006	0.146	0.001	0.023	0.239
0.239	0.006	0.742	0.001	0.007	0.006
0.302	0.025	0.146	0.002	0.005	0.521
0.132	0.006	0.846	0.001	0.012	0.003
0.57	0.038	0.299	0.001	0.09	0.002
0.551	0.026	0.38	0.002	0.016	0.026
0.137	0.077	0.166	0.002	0.615	0.004
0.97	0.004	0.015	0.001	0.007	0.003
0.207	0.063	0.178	0.001	0.547	0.003
0.566	0.038	0.248	0.002	0.133	0.014
0.571	0.005	0.397	0.001	0.015	0.011
0.247	0.009	0.507	0.001	0.227	0.008
0.962	0.004	0.025	0.002	0.004	0.002
0.764	0.014	0.212	0.001	0.005	0.004
0.225	0.048	0.696	0.001	0.007	0.022
0.696	0.019	0.256	0.011	0.009	0.009
0.6	0.006	0.307	0.004	0.011	0.071
0.703	0.006	0.265	0.001	0.01	0.015
0.72	0.043	0.202	0.003	0.017	0.015
0.945	0.011	0.027	0.005	0.006	0.005
0.055	0.015	0.921	0.001	0.004	0.004
0.962	0.004	0.022	0.003	0.006	0.004
0.509	0.005	0.47	0.001	0.011	0.003
0.523	0.003	0.464	0.001	0.005	0.003
0.659	0.011	0.321	0.001	0.004	0.003
0.695	0.003	0.293	0.001	0.005	0.002
0.965	0.003	0.016	0.002	0.011	0.003
0.695	0.003	0.294	0.001	0.005	0.002
0.379	0.005	0.598	0.001	0.007	0.01
0.337	0.005	0.65	0.001	0.003	0.003
0.697	0.003	0.292	0.001	0.005	0.002
0.45	0.008	0.526	0.006	0.005	0.005
0.428	0.021	0.53	0.001	0.016	0.004
0.703	0.004	0.281	0.001	0.005	0.005
0.716	0.008	0.259	0.002	0.01	0.006
0.067	0.003	0.911	0.001	0.014	0.003
0.949	0.02	0.021	0.002	0.005	0.004
0.273	0.031	0.642	0.002	0.034	0.018
0.977	0.003	0.013	0.001	0.004	0.002
0.352	0.004	0.631	0.001	0.009	0.003
0.973	0.004	0.013	0.001	0.006	0.003
0.743	0.011	0.227	0.001	0.009	0.009
0.498	0.022	0.469	0.001	0.005	0.005
0.138	0.004	0.819	0.001	0.035	0.003
0.757	0.006	0.226	0.001	0.007	0.003
0.955	0.006	0.029	0.002	0.006	0.002
0.43	0.008	0.547	0.001	0.008	0.005
0.315	0.018	0.642	0.002	0.017	0.005
0.883	0.017	0.063	0.001	0.01	0.026
0.505	0.004	0.48	0.001	0.005	0.003
0.875	0.006	0.109	0.002	0.004	0.004
0.934	0.018	0.032	0.001	0.005	0.009
0.005	0.98	0.005	0.001	0.004	0.004
0.003	0.004	0.004	0.002	0.004	0.983
0.004	0.008	0.004	0.001	0.009	0.974
0.003	0.004	0.005	0.001	0.004	0.983
0.004	0.007	0.004	0.002	0.003	0.98
0.004	0.007	0.004	0.001	0.008	0.975
0.01	0.967	0.005	0.001	0.012	0.004
0.003	0.004	0.003	0.002	0.004	0.985
0.561	0.014	0.352	0.004	0.062	0.007
0.003	0.003	0.003	0.001	0.003	0.987
0.01	0.008	0.008	0.001	0.006	0.968
0.005	0.007	0.005	0.001	0.004	0.978
0.003	0.004	0.004	0.002	0.004	0.984
0.005	0.981	0.005	0.001	0.003	0.004
0.006	0.359	0.007	0.001	0.008	0.618
0.003	0.006	0.004	0.002	0.007	0.978
0.003	0.257	0.004	0.001	0.721	0.013
0.003	0.249	0.004	0.001	0.722	0.02
0.003	0.253	0.003	0.001	0.73	0.009
0.003	0.003	0.003	0.002	0.003	0.986
0.355	0.006	0.618	0.001	0.013	0.007
0.004	0.122	0.004	0.002	0.458	0.411
0.003	0.004	0.004	0.014	0.011	0.962
0.004	0.982	0.005	0.001	0.003	0.004
0.007	0.01	0.012	0.003	0.014	0.955
0.003	0.004	0.004	0.001	0.006	0.982
0.004	0.008	0.004	0.001	0.006	0.976
0.004	0.009	0.005	0.001	0.004	0.976
0.004	0.006	0.005	0.001	0.006	0.977
0.052	0.075	0.076	0.005	0.781	0.012
0.022	0.122	0.018	0.001	0.825	0.012
0.007	0.105	0.007	0.002	0.87	0.009
0.171	0.056	0.084	0.002	0.678	0.008
0.006	0.107	0.006	0.003	0.871	0.008
0.006	0.106	0.004	0.001	0.877	0.006
0.003	0.004	0.004	0.001	0.006	0.982
0.003	0.003	0.004	0.001	0.003	0.985
0.004	0.104	0.005	0.001	0.874	0.011
0.056	0.109	0.046	0.001	0.781	0.007
0.015	0.005	0.662	0.014	0.301	0.004
0.004	0.006	0.004	0.001	0.003	0.981
0.004	0.005	0.004	0.001	0.004	0.982
0.004	0.006	0.005	0.001	0.004	0.979
0.836	0.103	0.051	0.002	0.004	0.004
0.007	0.597	0.01	0.002	0.016	0.369
0.003	0.006	0.004	0.001	0.003	0.983
0.01	0.89	0.019	0.001	0.018	0.061
0.844	0.093	0.014	0.001	0.043	0.005
0.015	0.094	0.033	0.001	0.831	0.025
0.07	0.017	0.157	0.001	0.009	0.745
0.004	0.008	0.004	0.001	0.006	0.977
0.103	0.017	0.393	0.001	0.01	0.474
0.495	0.004	0.491	0.001	0.005	0.004
0.521	0.013	0.417	0.001	0.034	0.015
0.011	0.094	0.006	0.073	0.767	0.049
0.195	0.045	0.71	0.002	0.034	0.013
0.001	0.001	0.001	0.993	0.001	0.001
0.001	0.001	0.001	0.994	0.001	0.001
0.3	0.008	0.676	0.001	0.008	0.008
0.028	0.021	0.931	0.001	0.01	0.008
0.068	0.813	0.081	0.002	0.019	0.017
0.001	0.001	0.001	0.993	0.001	0.002
0.004	0.983	0.005	0.002	0.003	0.003
0.609	0.005	0.377	0.001	0.004	0.005
0.062	0.118	0.02	0.002	0.79	0.008
0.033	0.034	0.917	0.001	0.008	0.007
0.004	0.154	0.009	0.002	0.699	0.132
0.024	0.888	0.048	0.001	0.007	0.031
0.001	0.001	0.001	0.993	0.001	0.001
0.368	0.026	0.58	0.001	0.009	0.016
0.001	0.001	0.001	0.993	0.001	0.002
0.356	0.063	0.369	0.005	0.202	0.005
0.063	0.013	0.854	0.001	0.054	0.015
0.237	0.003	0.747	0.005	0.004	0.004
0.303	0.009	0.576	0.001	0.099	0.013
0.932	0.009	0.021	0.002	0.027	0.009
0.978	0.003	0.009	0.002	0.005	0.003
0.201	0.064	0.725	0.001	0.004	0.005
0.234	0.015	0.689	0.001	0.058	0.003
0.405	0.004	0.578	0.004	0.005	0.004
0.704	0.062	0.214	0.003	0.012	0.005
0.61	0.012	0.346	0.016	0.006	0.01
0.835	0.009	0.139	0.002	0.008	0.007
0.255	0.03	0.571	0.003	0.099	0.041
0.6	0.007	0.382	0.001	0.004	0.005
0.256	0.021	0.707	0.001	0.007	0.006
0.386	0.014	0.542	0.001	0.051	0.006
0.291	0.004	0.696	0.001	0.005	0.002
0.386	0.006	0.596	0.001	0.005	0.005
0.651	0.003	0.337	0.001	0.004	0.003
0.835	0.037	0.112	0.002	0.008	0.008
0.167	0.008	0.765	0.001	0.049	0.009
0.739	0.007	0.105	0.002	0.124	0.024
0.002	0.002	0.002	0.992	0.002	0.002
0.006	0.977	0.007	0.001	0.004	0.005
0.001	0.001	0.001	0.993	0.001	0.001
0.001	0.001	0.001	0.993	0.001	0.001
0.003	0.006	0.003	0.001	0.006	0.981
0.019	0.01	0.053	0.001	0.099	0.817
0.002	0.002	0.002	0.991	0.002	0.002
0.004	0.005	0.005	0.975	0.004	0.007
0.002	0.001	0.001	0.992	0.002	0.001
0.017	0.967	0.006	0.001	0.004	0.004
0.887	0.006	0.096	0.001	0.007	0.003
0.001	0.001	0.001	0.993	0.001	0.001
0.951	0.005	0.035	0.001	0.005	0.003
0.161	0.024	0.799	0.001	0.006	0.009
0.005	0.98	0.006	0.002	0.003	0.004
0.919	0.003	0.07	0.001	0.004	0.003
0.648	0.011	0.326	0.002	0.006	0.007
0.678	0.009	0.305	0.002	0.004	0.003
0.763	0.003	0.225	0.001	0.004	0.003
0.692	0.017	0.262	0.001	0.007	0.02
0.968	0.009	0.01	0.003	0.007	0.004
0.138	0.011	0.829	0.001	0.011	0.01
0.922	0.011	0.052	0.001	0.008	0.004
0.002	0.002	0.002	0.99	0.002	0.002
0.845	0.008	0.087	0.005	0.051	0.003
0.153	0.038	0.703	0.001	0.03	0.075
0.465	0.007	0.518	0.001	0.006	0.003
0.002	0.001	0.002	0.992	0.002	0.001
0.003	0.006	0.003	0.002	0.006	0.98
0.002	0.001	0.001	0.993	0.002	0.001
0.097	0.285	0.279	0.002	0.284	0.054
0.009	0.101	0.009	0.001	0.837	0.043
0.001	0.002	0.001	0.991	0.003	0.001
0.046	0.021	0.871	0.001	0.032	0.029
0.053	0.803	0.077	0.002	0.022	0.044
0.078	0.007	0.9	0.001	0.01	0.004
0.005	0.966	0.005	0.001	0.005	0.018
0.301	0.004	0.682	0.001	0.004	0.008
0.569	0.008	0.402	0.002	0.009	0.009
0.01	0.005	0.669	0.002	0.311	0.003
0.96	0.009	0.015	0.001	0.007	0.008
0.014	0.104	0.014	0.002	0.8	0.065
0.026	0.113	0.077	0.001	0.778	0.005
0.006	0.224	0.006	0.002	0.741	0.021
0.106	0.105	0.132	0.002	0.652	0.004
0.007	0.978	0.007	0.001	0.004	0.003
0.001	0.001	0.001	0.993	0.001	0.001
0.098	0.03	0.811	0.001	0.009	0.052
0.146	0.02	0.817	0.001	0.006	0.01
0.001	0.001	0.001	0.993	0.001	0.002
0.002	0.001	0.001	0.991	0.002	0.001
0.001	0.001	0.001	0.993	0.001	0.001
0.794	0.012	0.182	0.001	0.007	0.004
0.014	0.006	0.003	0.022	0.007	0.948
0.754	0.005	0.232	0.001	0.004	0.004
0.942	0.021	0.02	0.004	0.006	0.007
0.94	0.008	0.043	0.001	0.004	0.004
0.922	0.005	0.059	0.001	0.008	0.005
0.212	0.005	0.775	0.001	0.004	0.003
0.612	0.007	0.372	0.001	0.004	0.003
0.924	0.005	0.016	0.001	0.013	0.041
0.133	0.011	0.834	0.002	0.01	0.011
0.879	0.003	0.109	0.001	0.005	0.003
0.888	0.003	0.083	0.001	0.021	0.003
0.49	0.009	0.405	0.003	0.083	0.009
0.542	0.231	0.205	0.003	0.011	0.008
0.922	0.005	0.055	0.001	0.005	0.012
0.882	0.009	0.092	0.003	0.006	0.008
0.344	0.004	0.629	0.001	0.005	0.016
0.527	0.005	0.454	0.001	0.004	0.008
0.104	0.046	0.728	0.001	0.027	0.094
0.474	0.01	0.503	0.001	0.006	0.005
0.003	0.003	0.004	0.002	0.003	0.984
0.013	0.006	0.669	0.002	0.306	0.005
0.325	0.114	0.537	0.01	0.01	0.003
0.004	0.011	0.004	0.002	0.006	0.975
0.004	0.01	0.004	0.002	0.006	0.975
0.004	0.011	0.004	0.002	0.006	0.975
0.004	0.01	0.004	0.002	0.005	0.975
0.004	0.011	0.004	0.002	0.006	0.974
0.036	0.041	0.905	0.001	0.009	0.006
0.062	0.076	0.819	0.001	0.033	0.009
0.505	0.008	0.476	0.001	0.005	0.005
0.16	0.005	0.819	0.001	0.006	0.009
0.042	0.891	0.045	0.002	0.012	0.007
0.883	0.005	0.099	0.001	0.005	0.006
0.919	0.013	0.033	0.002	0.015	0.018
0.49	0.004	0.491	0.002	0.006	0.007
0.458	0.007	0.498	0.002	0.013	0.022
0.961	0.004	0.023	0.001	0.005	0.005
0.637	0.008	0.251	0.001	0.101	0.003
0.814	0.005	0.172	0.001	0.004	0.003
0.009	0.005	0.672	0.001	0.309	0.004
0.948	0.006	0.033	0.001	0.007	0.005
0.159	0.004	0.825	0.001	0.006	0.005
0.012	0.03	0.02	0.001	0.007	0.929
0.001	0.001	0.001	0.993	0.001	0.002
0.003	0.004	0.004	0.001	0.004	0.984
0.045	0.085	0.846	0.001	0.007	0.015
0.002	0.002	0.002	0.991	0.002	0.002
0.038	0.041	0.903	0.001	0.01	0.006
0.042	0.891	0.046	0.002	0.012	0.007
0.347	0.173	0.229	0.001	0.166	0.084
0.003	0.004	0.004	0.002	0.004	0.983
0.273	0.027	0.676	0.001	0.009	0.014
0.379	0.015	0.457	0.003	0.142	0.003
0.004	0.01	0.004	0.002	0.006	0.975
0.102	0.005	0.881	0.001	0.005	0.005
0.19	0.005	0.794	0.001	0.007	0.003
0.036	0.255	0.03	0.002	0.674	0.004
0.01	0.006	0.648	0.027	0.304	0.006
0.241	0.008	0.415	0.004	0.009	0.322
0.003	0.004	0.004	0.002	0.004	0.984
0.791	0.056	0.12	0.003	0.021	0.009
0.95	0.006	0.035	0.002	0.005	0.003
0.032	0.023	0.919	0.005	0.01	0.012
0.003	0.299	0.004	0.001	0.651	0.042
0.655	0.007	0.285	0.001	0.021	0.031
0.188	0.008	0.778	0.001	0.014	0.011
0.002	0.001	0.002	0.993	0.001	0.001
0.002	0.002	0.002	0.991	0.002	0.002
0.044	0.06	0.851	0.001	0.013	0.031
0.049	0.028	0.874	0.001	0.037	0.011
0.896	0.003	0.088	0.001	0.007	0.005
0.002	0.006	0.002	0.889	0.094	0.007
0.116	0.011	0.812	0.001	0.045	0.015
0.074	0.853	0.03	0.002	0.035	0.007
0.012	0.004	0.005	0.003	0.006	0.971
0.17	0.068	0.401	0.002	0.267	0.091
0.002	0.003	0.003	0.001	0.003	0.987
0.003	0.003	0.003	0.001	0.003	0.986
0.004	0.982	0.005	0.001	0.003	0.004
0.004	0.104	0.005	0.001	0.874	0.011
0.018	0.005	0.678	0.001	0.294	0.004
0.009	0.005	0.67	0.001	0.311	0.004
0.003	0.003	0.004	0.001	0.004	0.985
0.005	0.138	0.008	0.002	0.558	0.289
0.022	0.137	0.014	0.001	0.819	0.006
0.017	0.096	0.005	0.002	0.87	0.01
0.075	0.011	0.897	0.001	0.009	0.008
0.004	0.008	0.005	0.001	0.004	0.978
0.095	0.013	0.594	0.001	0.038	0.259
0.004	0.007	0.004	0.001	0.004	0.98
0.044	0.109	0.065	0.002	0.761	0.02
0.924	0.005	0.016	0.001	0.013	0.041
0.004	0.005	0.004	0.001	0.003	0.982
0.01	0.103	0.017	0.001	0.859	0.009
0.514	0.005	0.001	0.327	0.003	0.15
0.513	0.069	0.001	0.355	0.053	0.009
0.064	0.004	0.001	0.917	0.003	0.01
0.51	0.012	0.001	0.301	0.118	0.057
0.772	0.004	0.001	0.212	0.005	0.006
0.074	0.122	0.004	0.757	0.004	0.04
0.882	0.023	0.001	0.063	0.024	0.006
0.386	0.003	0.001	0.597	0.002	0.01
0.008	0.004	0.001	0.981	0.003	0.003
0.046	0.018	0.001	0.903	0.007	0.025
0.803	0.01	0.001	0.165	0.003	0.017
0.287	0.103	0.009	0.496	0.08	0.024
0.014	0.004	0.003	0.97	0.003	0.006
0.833	0.004	0.002	0.147	0.004	0.01
0.08	0.189	0.001	0.112	0.086	0.531
0.872	0.005	0.001	0.111	0.005	0.005
0.236	0.014	0.001	0.555	0.188	0.005
0.268	0.015	0.001	0.467	0.243	0.005
0.663	0.005	0.001	0.295	0.006	0.029
0.208	0.013	0.002	0.249	0.524	0.005
0.693	0.006	0.001	0.234	0.003	0.063
0.504	0.114	0.001	0.372	0.002	0.006
0.36	0.024	0.001	0.581	0.022	0.012
0.326	0.573	0.002	0.087	0.005	0.008
0.021	0.006	0.001	0.965	0.003	0.004
0.257	0.504	0.002	0.183	0.003	0.052
0.322	0.238	0.002	0.417	0.011	0.01
0.541	0.011	0.001	0.423	0.012	0.011
0.158	0.051	0.001	0.483	0.008	0.299
0.031	0.003	0.002	0.95	0.002	0.011
0.338	0.009	0.001	0.643	0.004	0.005
0.833	0.021	0.001	0.117	0.024	0.004
0.315	0.013	0.011	0.643	0.009	0.008
0.5	0.013	0.004	0.407	0.07	0.005
0.403	0.009	0.001	0.563	0.016	0.008
0.226	0.036	0.003	0.712	0.016	0.007
0.035	0.008	0.005	0.941	0.005	0.006
0.95	0.006	0.001	0.03	0.005	0.008
0.033	0.005	0.002	0.95	0.004	0.006
0.822	0.009	0.001	0.159	0.003	0.007
0.684	0.004	0.001	0.303	0.003	0.005
0.359	0.005	0.001	0.624	0.003	0.008
0.501	0.004	0.001	0.488	0.002	0.005
0.017	0.005	0.002	0.963	0.003	0.01
0.493	0.004	0.001	0.495	0.002	0.004
0.782	0.006	0.001	0.189	0.01	0.012
0.889	0.003	0.001	0.101	0.003	0.003
0.492	0.004	0.001	0.497	0.002	0.004
0.632	0.005	0.007	0.346	0.004	0.006
0.794	0.021	0.001	0.17	0.004	0.01
0.555	0.005	0.001	0.43	0.005	0.004
0.469	0.01	0.002	0.507	0.005	0.009
0.903	0.009	0.001	0.069	0.003	0.015
0.025	0.008	0.002	0.956	0.004	0.005
0.595	0.045	0.002	0.273	0.019	0.067
0.013	0.003	0.001	0.972	0.002	0.007
0.586	0.004	0.001	0.361	0.003	0.045
0.013	0.005	0.001	0.972	0.003	0.006
0.301	0.011	0.001	0.669	0.008	0.01
0.747	0.008	0.001	0.236	0.004	0.003
0.481	0.005	0.001	0.241	0.003	0.269
0.34	0.006	0.001	0.642	0.003	0.008
0.045	0.006	0.002	0.936	0.002	0.009
0.486	0.006	0.001	0.463	0.005	0.038
0.514	0.017	0.002	0.414	0.005	0.048
0.082	0.012	0.001	0.863	0.028	0.013
0.64	0.005	0.001	0.342	0.003	0.008
0.143	0.005	0.002	0.839	0.004	0.007
0.034	0.008	0.001	0.939	0.009	0.008
0.013	0.959	0.001	0.011	0.008	0.008
0.004	0.004	0.002	0.003	0.983	0.004
0.005	0.011	0.001	0.004	0.976	0.003
0.004	0.004	0.001	0.003	0.982	0.005
0.004	0.005	0.002	0.003	0.983	0.003
0.004	0.01	0.001	0.004	0.977	0.004
0.01	0.967	0.001	0.01	0.007	0.005
0.003	0.004	0.002	0.003	0.985	0.004
0.334	0.045	0.003	0.582	0.007	0.029
0.003	0.003	0.001	0.002	0.987	0.002
0.007	0.007	0.001	0.01	0.971	0.004
0.006	0.005	0.001	0.005	0.98	0.004
0.004	0.004	0.002	0.003	0.984	0.004
0.015	0.958	0.001	0.011	0.008	0.007
0.011	0.309	0.002	0.01	0.658	0.011
0.004	0.007	0.002	0.003	0.979	0.005
0.004	0.979	0.001	0.003	0.01	0.003
0.003	0.974	0.001	0.003	0.015	0.004
0.003	0.981	0.001	0.003	0.007	0.003
0.003	0.003	0.001	0.003	0.986	0.003
0.682	0.009	0.001	0.291	0.007	0.011
0.004	0.638	0.001	0.003	0.349	0.004
0.004	0.009	0.014	0.003	0.965	0.005
0.015	0.959	0.001	0.011	0.008	0.006
0.012	0.018	0.003	0.008	0.955	0.004
0.003	0.005	0.001	0.003	0.983	0.004
0.004	0.007	0.001	0.004	0.979	0.004
0.006	0.006	0.001	0.004	0.979	0.004
0.005	0.007	0.001	0.004	0.979	0.004
0.208	0.671	0.009	0.09	0.018	0.004
0.01	0.962	0.001	0.013	0.01	0.004
0.009	0.964	0.002	0.01	0.009	0.006
0.072	0.499	0.002	0.371	0.013	0.043
0.008	0.968	0.002	0.009	0.008	0.005
0.006	0.976	0.001	0.008	0.005	0.003
0.004	0.005	0.001	0.003	0.983	0.004
0.004	0.003	0.001	0.003	0.985	0.003
0.007	0.967	0.002	0.005	0.013	0.006
0.023	0.903	0.002	0.043	0.006	0.023
0.004	0.003	0.011	0.004	0.003	0.975
0.005	0.004	0.001	0.004	0.983	0.003
0.004	0.004	0.001	0.003	0.985	0.003
0.005	0.005	0.001	0.004	0.981	0.004
0.14	0.03	0.002	0.821	0.004	0.003
0.014	0.755	0.004	0.008	0.212	0.006
0.004	0.004	0.001	0.003	0.985	0.003
0.011	0.898	0.001	0.006	0.075	0.008
0.014	0.085	0.001	0.883	0.005	0.011
0.103	0.798	0.001	0.027	0.041	0.03
0.151	0.017	0.001	0.067	0.752	0.012
0.004	0.007	0.001	0.004	0.98	0.003
0.361	0.025	0.001	0.103	0.494	0.015
0.721	0.004	0.001	0.264	0.004	0.006
0.202	0.026	0.001	0.651	0.016	0.104
0.007	0.816	0.12	0.011	0.044	0.002
0.756	0.08	0.002	0.144	0.013	0.004
0.001	0.001	0.994	0.001	0.001	0.001
0.001	0.001	0.994	0.001	0.001	0.001
0.711	0.007	0.001	0.257	0.008	0.016
0.951	0.017	0.001	0.017	0.008	0.006
0.028	0.936	0.001	0.018	0.012	0.005
0.001	0.001	0.993	0.001	0.002	0.001
0.011	0.967	0.002	0.008	0.006	0.006
0.664	0.004	0.001	0.324	0.005	0.003
0.009	0.917	0.002	0.055	0.007	0.009
0.951	0.018	0.001	0.018	0.007	0.005
0.005	0.884	0.003	0.003	0.081	0.024
0.03	0.933	0.001	0.016	0.015	0.005
0.001	0.001	0.993	0.001	0.001	0.001
0.482	0.012	0.001	0.468	0.018	0.019
0.001	0.001	0.993	0.001	0.002	0.001
0.59	0.243	0.006	0.151	0.004	0.006
0.784	0.062	0.001	0.096	0.017	0.039
0.875	0.003	0.005	0.107	0.004	0.006
0.93	0.028	0.001	0.029	0.007	0.004
0.022	0.019	0.002	0.934	0.01	0.013
0.011	0.004	0.002	0.976	0.003	0.004
0.833	0.025	0.001	0.132	0.005	0.004
0.397	0.034	0.001	0.447	0.003	0.118
0.863	0.004	0.003	0.121	0.003	0.006
0.356	0.045	0.003	0.585	0.005	0.005
0.558	0.007	0.018	0.4	0.009	0.009
0.143	0.008	0.002	0.831	0.007	0.009
0.821	0.069	0.003	0.057	0.043	0.007
0.639	0.005	0.001	0.346	0.005	0.005
0.633	0.011	0.001	0.333	0.006	0.015
0.867	0.032	0.001	0.087	0.006	0.008
0.792	0.005	0.001	0.196	0.002	0.004
0.801	0.005	0.001	0.183	0.004	0.005
0.656	0.003	0.001	0.333	0.003	0.004
0.176	0.017	0.002	0.794	0.007	0.005
0.653	0.018	0.001	0.203	0.009	0.116
0.063	0.029	0.002	0.84	0.023	0.043
0.002	0.002	0.992	0.002	0.002	0.002
0.026	0.936	0.001	0.015	0.011	0.01
0.001	0.001	0.994	0.001	0.001	0.001
0.001	0.001	0.994	0.001	0.001	0.001
0.003	0.008	0.001	0.003	0.983	0.003
0.02	0.04	0.001	0.017	0.834	0.089
0.002	0.002	0.991	0.002	0.002	0.002
0.005	0.005	0.977	0.004	0.008	0.001
0.002	0.002	0.993	0.002	0.001	0.001
0.017	0.924	0.001	0.042	0.009	0.007
0.25	0.007	0.001	0.736	0.003	0.003
0.001	0.001	0.993	0.001	0.001	0.001
0.093	0.006	0.001	0.893	0.003	0.005
0.898	0.01	0.001	0.075	0.008	0.007
0.018	0.956	0.002	0.011	0.007	0.006
0.17	0.004	0.001	0.819	0.003	0.004
0.473	0.009	0.002	0.504	0.007	0.006
0.339	0.005	0.002	0.647	0.003	0.005
0.459	0.004	0.001	0.528	0.003	0.005
0.411	0.011	0.001	0.549	0.021	0.006
0.01	0.008	0.003	0.97	0.004	0.006
0.944	0.011	0.001	0.031	0.008	0.004
0.105	0.013	0.001	0.87	0.004	0.006
0.002	0.002	0.99	0.002	0.002	0.002
0.16	0.028	0.005	0.8	0.003	0.004
0.783	0.047	0.001	0.093	0.066	0.01
0.785	0.007	0.001	0.199	0.003	0.005
0.002	0.001	0.992	0.002	0.001	0.002
0.003	0.007	0.001	0.003	0.983	0.002
0.001	0.001	0.993	0.001	0.001	0.001
0.141	0.773	0.001	0.049	0.028	0.007
0.011	0.915	0.001	0.012	0.056	0.004
0.001	0.002	0.992	0.001	0.001	0.001
0.862	0.057	0.001	0.041	0.025	0.013
0.056	0.885	0.002	0.022	0.031	0.006
0.929	0.012	0.001	0.048	0.004	0.007
0.013	0.95	0.001	0.01	0.018	0.007
0.902	0.004	0.001	0.082	0.007	0.004
0.632	0.011	0.002	0.344	0.009	0.003
0.004	0.003	0.001	0.004	0.002	0.985
0.015	0.008	0.001	0.963	0.007	0.005
0.015	0.895	0.002	0.018	0.062	0.007
0.025	0.883	0.001	0.017	0.004	0.07
0.006	0.969	0.002	0.005	0.016	0.002
0.036	0.806	0.002	0.071	0.003	0.082
0.026	0.932	0.001	0.022	0.006	0.012
0.001	0.001	0.994	0.001	0.001	0.001
0.837	0.018	0.001	0.082	0.05	0.012
0.78	0.01	0.001	0.181	0.012	0.016
0.001	0.001	0.993	0.001	0.002	0.001
0.002	0.002	0.992	0.002	0.001	0.002
0.001	0.001	0.994	0.001	0.001	0.001
0.326	0.01	0.001	0.655	0.004	0.004
0.003	0.008	0.021	0.015	0.95	0.003
0.352	0.004	0.001	0.632	0.004	0.007
0.031	0.01	0.003	0.944	0.006	0.007
0.087	0.006	0.001	0.899	0.004	0.003
0.125	0.007	0.001	0.856	0.006	0.005
0.859	0.004	0.001	0.126	0.004	0.007
0.479	0.005	0.001	0.505	0.003	0.006
0.011	0.008	0.001	0.933	0.034	0.013
0.88	0.01	0.001	0.086	0.012	0.011
0.082	0.003	0.001	0.894	0.003	0.017
0.179	0.008	0.001	0.8	0.003	0.008
0.491	0.035	0.003	0.45	0.009	0.012
0.375	0.144	0.003	0.46	0.011	0.007
0.084	0.005	0.001	0.892	0.012	0.004
0.108	0.007	0.003	0.866	0.007	0.009
0.735	0.004	0.001	0.236	0.015	0.009
0.698	0.004	0.001	0.284	0.008	0.005
0.637	0.108	0.001	0.131	0.109	0.013
0.56	0.007	0.001	0.418	0.005	0.008
0.004	0.003	0.002	0.003	0.984	0.004
0.004	0.003	0.001	0.004	0.003	0.984
0.581	0.015	0.01	0.37	0.003	0.02
0.004	0.008	0.001	0.004	0.977	0.006
0.004	0.008	0.002	0.004	0.977	0.006
0.004	0.009	0.002	0.004	0.977	0.005
0.004	0.008	0.002	0.004	0.977	0.005
0.004	0.008	0.002	0.004	0.977	0.005
0.93	0.024	0.001	0.029	0.007	0.009
0.605	0.023	0.001	0.103	0.011	0.257
0.555	0.005	0.001	0.422	0.004	0.013
0.851	0.005	0.001	0.125	0.007	0.01
0.024	0.942	0.002	0.016	0.008	0.008
0.225	0.006	0.001	0.758	0.006	0.004
0.055	0.019	0.002	0.895	0.02	0.009
0.743	0.005	0.001	0.238	0.005	0.007
0.731	0.009	0.002	0.23	0.018	0.011
0.034	0.004	0.001	0.945	0.005	0.01
0.322	0.038	0.001	0.595	0.003	0.04
0.365	0.005	0.001	0.622	0.003	0.004
0.005	0.003	0.001	0.004	0.003	0.985
0.04	0.006	0.001	0.939	0.005	0.009
0.86	0.005	0.001	0.121	0.005	0.008
0.023	0.019	0.001	0.014	0.939	0.004
0.001	0.001	0.993	0.001	0.002	0.001
0.004	0.004	0.001	0.003	0.984	0.004
0.907	0.02	0.001	0.042	0.019	0.01
0.002	0.002	0.991	0.002	0.001	0.002
0.934	0.023	0.001	0.026	0.007	0.009
0.025	0.942	0.002	0.016	0.008	0.008
0.16	0.557	0.001	0.228	0.045	0.008
0.003	0.004	0.002	0.003	0.984	0.004
0.696	0.019	0.001	0.26	0.014	0.009
0.809	0.075	0.005	0.103	0.003	0.006
0.004	0.008	0.002	0.004	0.977	0.005
0.932	0.005	0.001	0.048	0.005	0.009
0.818	0.006	0.001	0.16	0.003	0.011
0.024	0.951	0.002	0.017	0.003	0.003
0.005	0.004	0.033	0.004	0.004	0.95
0.508	0.009	0.004	0.168	0.303	0.009
0.004	0.004	0.002	0.003	0.984	0.004
0.044	0.024	0.002	0.856	0.009	0.064
0.056	0.005	0.002	0.927	0.003	0.007
0.949	0.016	0.004	0.014	0.011	0.006
0.004	0.97	0.001	0.003	0.018	0.004
0.234	0.009	0.001	0.619	0.035	0.101
0.577	0.007	0.001	0.316	0.014	0.085
0.002	0.001	0.993	0.002	0.001	0.001
0.002	0.002	0.991	0.002	0.002	0.002
0.819	0.046	0.001	0.063	0.043	0.028
0.864	0.063	0.001	0.047	0.013	0.011
0.229	0.005	0.001	0.757	0.005	0.003
0.002	0.036	0.948	0.002	0.009	0.003
0.778	0.054	0.001	0.135	0.021	0.012
0.017	0.951	0.002	0.017	0.007	0.006
0.004	0.005	0.003	0.013	0.969	0.006
0.484	0.325	0.002	0.087	0.095	0.007
0.003	0.003	0.001	0.002	0.987	0.003
0.003	0.003	0.001	0.003	0.986	0.003
0.014	0.96	0.001	0.01	0.008	0.007
0.006	0.968	0.002	0.005	0.013	0.006
0.004	0.003	0.001	0.004	0.003	0.985
0.004	0.003	0.001	0.004	0.003	0.986
0.004	0.004	0.001	0.003	0.985	0.004
0.007	0.886	0.002	0.004	0.095	0.006
0.008	0.968	0.001	0.013	0.004	0.006
0.009	0.897	0.002	0.069	0.017	0.005
0.903	0.01	0.001	0.054	0.009	0.023
0.005	0.005	0.001	0.004	0.981	0.004
0.32	0.016	0.001	0.083	0.358	0.221
0.004	0.005	0.001	0.004	0.983	0.003
0.055	0.879	0.002	0.037	0.015	0.012
0.011	0.008	0.001	0.933	0.033	0.012
0.004	0.004	0.001	0.003	0.984	0.003
0.04	0.903	0.001	0.015	0.011	0.028
0.02	0.005	0.003	0.967	0.001	0.003
0.022	0.038	0.089	0.848	0.001	0.002
0.006	0.003	0.003	0.983	0.001	0.004
0.016	0.007	0.071	0.862	0.001	0.043
0.004	0.005	0.006	0.982	0.001	0.003
0.254	0.012	0.003	0.716	0.003	0.013
0.015	0.044	0.034	0.877	0.001	0.028
0.003	0.004	0.002	0.986	0.001	0.003
0.007	0.004	0.003	0.983	0.002	0.002
0.018	0.013	0.006	0.958	0.001	0.003
0.011	0.011	0.004	0.97	0.001	0.003
0.089	0.008	0.081	0.806	0.01	0.005
0.005	0.005	0.002	0.979	0.005	0.003
0.006	0.003	0.005	0.983	0.002	0.002
0.387	0.014	0.095	0.499	0.001	0.005
0.003	0.042	0.007	0.945	0.001	0.002
0.034	0.004	0.186	0.773	0.001	0.003
0.025	0.004	0.246	0.72	0.001	0.003
0.005	0.006	0.007	0.979	0.001	0.003
0.006	0.025	0.532	0.43	0.002	0.006
0.012	0.007	0.004	0.973	0.001	0.003
0.046	0.012	0.002	0.936	0.001	0.002
0.013	0.023	0.009	0.926	0.001	0.027
0.767	0.013	0.004	0.21	0.001	0.005
0.01	0.004	0.003	0.977	0.001	0.004
0.758	0.008	0.003	0.228	0.001	0.002
0.155	0.018	0.008	0.799	0.002	0.019
0.009	0.003	0.006	0.974	0.001	0.007
0.3	0.006	0.007	0.684	0.001	0.002
0.004	0.005	0.002	0.986	0.002	0.002
0.004	0.014	0.004	0.975	0.001	0.002
0.006	0.052	0.01	0.91	0.001	0.02
0.008	0.016	0.007	0.957	0.007	0.006
0.012	0.006	0.077	0.898	0.004	0.002
0.008	0.006	0.015	0.968	0.001	0.003
0.013	0.032	0.011	0.934	0.003	0.007
0.006	0.014	0.004	0.962	0.008	0.006
0.005	0.025	0.006	0.961	0.001	0.002
0.007	0.004	0.003	0.979	0.003	0.004
0.011	0.004	0.003	0.979	0.001	0.003
0.004	0.003	0.003	0.987	0.001	0.002
0.004	0.013	0.003	0.975	0.001	0.003
0.005	0.003	0.002	0.987	0.001	0.002
0.013	0.003	0.003	0.977	0.002	0.002
0.005	0.003	0.002	0.987	0.001	0.002
0.006	0.005	0.011	0.974	0.001	0.002
0.003	0.006	0.004	0.984	0.001	0.002
0.005	0.003	0.002	0.986	0.001	0.002
0.004	0.009	0.005	0.978	0.002	0.002
0.016	0.018	0.004	0.958	0.001	0.002
0.004	0.004	0.005	0.983	0.001	0.003
0.009	0.007	0.004	0.975	0.001	0.003
0.024	0.003	0.003	0.966	0.001	0.003
0.005	0.03	0.002	0.939	0.002	0.021
0.032	0.031	0.025	0.905	0.001	0.006
0.004	0.003	0.002	0.987	0.001	0.002
0.005	0.004	0.004	0.983	0.001	0.002
0.009	0.004	0.002	0.98	0.002	0.003
0.008	0.012	0.004	0.961	0.001	0.013
0.004	0.021	0.005	0.966	0.001	0.003
0.011	0.004	0.003	0.978	0.001	0.002
0.007	0.005	0.003	0.981	0.001	0.002
0.005	0.006	0.002	0.983	0.002	0.002
0.005	0.009	0.006	0.976	0.001	0.002
0.018	0.013	0.003	0.955	0.002	0.008
0.009	0.019	0.02	0.945	0.001	0.005
0.005	0.004	0.004	0.984	0.001	0.002
0.004	0.005	0.004	0.983	0.001	0.003
0.005	0.022	0.005	0.941	0.001	0.025
0.004	0.984	0.003	0.004	0.001	0.004
0.004	0.004	0.985	0.003	0.001	0.003
0.006	0.006	0.98	0.004	0.001	0.004
0.004	0.004	0.984	0.003	0.001	0.004
0.003	0.006	0.979	0.003	0.002	0.006
0.007	0.005	0.978	0.003	0.001	0.005
0.015	0.967	0.004	0.01	0.001	0.003
0.004	0.003	0.985	0.003	0.001	0.003
0.092	0.009	0.007	0.884	0.004	0.004
0.003	0.003	0.988	0.002	0.001	0.002
0.006	0.006	0.973	0.008	0.001	0.006
0.004	0.006	0.98	0.004	0.001	0.005
0.003	0.004	0.984	0.003	0.001	0.004
0.003	0.985	0.003	0.004	0.001	0.004
0.007	0.338	0.644	0.006	0.001	0.004
0.007	0.005	0.978	0.003	0.002	0.005
0.96	0.013	0.014	0.003	0.001	0.009
0.958	0.01	0.018	0.003	0.001	0.009
0.971	0.009	0.009	0.003	0.001	0.006
0.003	0.003	0.987	0.003	0.001	0.003
0.018	0.006	0.009	0.962	0.001	0.003
0.625	0.009	0.343	0.003	0.001	0.019
0.011	0.004	0.965	0.003	0.013	0.004
0.003	0.986	0.003	0.004	0.001	0.003
0.014	0.007	0.961	0.009	0.004	0.006
0.006	0.004	0.983	0.003	0.001	0.004
0.006	0.006	0.977	0.003	0.001	0.005
0.004	0.007	0.98	0.004	0.001	0.004
0.006	0.005	0.977	0.004	0.001	0.006
0.868	0.005	0.017	0.101	0.004	0.005
0.927	0.021	0.011	0.021	0.001	0.018
0.972	0.004	0.011	0.007	0.001	0.005
0.835	0.005	0.006	0.144	0.001	0.008
0.974	0.005	0.009	0.006	0.003	0.004
0.978	0.004	0.006	0.006	0.001	0.005
0.006	0.004	0.983	0.003	0.001	0.004
0.003	0.003	0.986	0.003	0.001	0.003
0.972	0.003	0.016	0.004	0.001	0.003
0.925	0.018	0.007	0.043	0.001	0.005
0.635	0.008	0.005	0.34	0.01	0.003
0.003	0.005	0.982	0.004	0.001	0.005
0.006	0.005	0.958	0.003	0.001	0.026
0.004	0.005	0.979	0.004	0.001	0.006
0.004	0.099	0.003	0.89	0.002	0.002
0.011	0.575	0.402	0.006	0.002	0.003
0.003	0.005	0.982	0.003	0.001	0.006
0.02	0.899	0.057	0.012	0.001	0.011
0.107	0.178	0.003	0.689	0.002	0.021
0.946	0.009	0.022	0.017	0.001	0.005
0.013	0.029	0.783	0.171	0.001	0.003
0.006	0.006	0.979	0.003	0.001	0.005
0.012	0.023	0.569	0.39	0.001	0.004
0.004	0.004	0.004	0.984	0.001	0.002
0.03	0.006	0.006	0.917	0.001	0.04
0.76	0.008	0.009	0.011	0.098	0.113
0.023	0.019	0.005	0.859	0.002	0.093
0.001	0.001	0.001	0.001	0.994	0.001
0.001	0.001	0.001	0.001	0.994	0.001
0.007	0.008	0.009	0.97	0.001	0.004
0.017	0.052	0.016	0.909	0.001	0.005
0.02	0.883	0.018	0.07	0.001	0.007
0.001	0.001	0.001	0.001	0.993	0.002
0.003	0.987	0.003	0.003	0.002	0.003
0.003	0.005	0.005	0.983	0.001	0.002
0.908	0.021	0.005	0.05	0.002	0.014
0.014	0.082	0.011	0.887	0.001	0.005
0.729	0.044	0.04	0.004	0.002	0.18
0.008	0.91	0.036	0.034	0.001	0.01
0.001	0.001	0.001	0.001	0.993	0.001
0.007	0.025	0.014	0.946	0.001	0.006
0.001	0.001	0.002	0.001	0.993	0.001
0.264	0.033	0.005	0.69	0.006	0.003
0.103	0.011	0.028	0.851	0.001	0.006
0.004	0.003	0.005	0.979	0.005	0.003
0.12	0.005	0.013	0.857	0.001	0.004
0.049	0.006	0.005	0.925	0.002	0.012
0.007	0.003	0.003	0.978	0.003	0.007
0.004	0.08	0.006	0.905	0.001	0.003
0.08	0.017	0.003	0.897	0.001	0.003
0.005	0.004	0.004	0.98	0.004	0.002
0.006	0.027	0.004	0.957	0.002	0.004
0.005	0.011	0.007	0.964	0.009	0.004
0.006	0.009	0.005	0.972	0.002	0.006
0.149	0.017	0.066	0.762	0.003	0.003
0.004	0.007	0.006	0.979	0.001	0.002
0.008	0.03	0.008	0.95	0.001	0.003
0.073	0.008	0.006	0.907	0.001	0.005
0.004	0.004	0.002	0.985	0.001	0.002
0.005	0.007	0.005	0.979	0.001	0.003
0.004	0.003	0.003	0.987	0.001	0.002
0.007	0.045	0.005	0.934	0.002	0.007
0.054	0.007	0.012	0.923	0.001	0.003
0.155	0.004	0.014	0.808	0.001	0.018
0.002	0.002	0.002	0.002	0.992	0.001
0.003	0.984	0.004	0.004	0.001	0.003
0.001	0.001	0.001	0.001	0.994	0.001
0.001	0.001	0.001	0.001	0.994	0.001
0.002	0.003	0.003	0.002	0.001	0.988
0.269	0.009	0.16	0.046	0.001	0.514
0.002	0.002	0.002	0.002	0.992	0.001
0.004	0.005	0.007	0.004	0.974	0.007
0.002	0.001	0.001	0.001	0.993	0.001
0.004	0.979	0.003	0.01	0.001	0.003
0.009	0.007	0.002	0.973	0.001	0.008
0.001	0.001	0.001	0.001	0.993	0.001
0.006	0.006	0.002	0.978	0.001	0.006
0.006	0.042	0.014	0.933	0.001	0.003
0.003	0.984	0.003	0.004	0.002	0.004
0.004	0.003	0.003	0.986	0.001	0.003
0.005	0.009	0.005	0.972	0.002	0.008
0.003	0.01	0.002	0.977	0.002	0.005
0.004	0.003	0.002	0.984	0.001	0.005
0.006	0.013	0.01	0.961	0.001	0.009
0.009	0.01	0.003	0.97	0.005	0.004
0.012	0.013	0.014	0.953	0.001	0.006
0.01	0.012	0.004	0.97	0.001	0.003
0.002	0.002	0.002	0.002	0.991	0.001
0.07	0.005	0.003	0.91	0.006	0.006
0.043	0.062	0.152	0.734	0.001	0.007
0.005	0.007	0.003	0.982	0.001	0.002
0.002	0.001	0.001	0.002	0.993	0.001
0.002	0.003	0.003	0.002	0.001	0.989
0.001	0.001	0.001	0.001	0.994	0.001
0.28	0.301	0.026	0.334	0.001	0.057
0.917	0.006	0.054	0.01	0.001	0.012
