0.001	0.004	0.003	0.992
0.001	0.05	0.059	0.89
0.001	0.004	0.003	0.991
0.001	0.011	0.117	0.871
0.001	0.004	0.005	0.99
0.004	0.119	0.004	0.873
0.001	0.037	0.037	0.924
0.001	0.003	0.002	0.993
0.002	0.006	0.002	0.989
0.001	0.016	0.005	0.978
0.001	0.009	0.004	0.986
0.011	0.079	0.078	0.833
0.005	0.005	0.002	0.988
0.002	0.004	0.004	0.991
0.001	0.16	0.118	0.72
0.001	0.006	0.005	0.988
0.001	0.016	0.184	0.799
0.001	0.015	0.235	0.748
0.001	0.004	0.005	0.989
0.002	0.019	0.526	0.453
0.001	0.004	0.003	0.992
0.001	0.043	0.002	0.954
0.001	0.022	0.019	0.958
0.002	0.757	0.005	0.237
0.001	0.008	0.004	0.987
0.002	0.438	0.003	0.557
0.002	0.256	0.01	0.732
0.001	0.006	0.006	0.987
0.001	0.02	0.006	0.973
0.002	0.004	0.002	0.993
0.001	0.007	0.004	0.989
0.001	0.017	0.021	0.961
0.007	0.009	0.006	0.977
0.004	0.015	0.059	0.921
0.001	0.007	0.011	0.981
0.003	0.024	0.01	0.964
0.008	0.011	0.005	0.976
0.001	0.008	0.005	0.985
0.003	0.007	0.004	0.986
0.001	0.008	0.003	0.988
0.001	0.003	0.003	0.993
0.001	0.005	0.003	0.991
0.001	0.004	0.002	0.992
0.002	0.007	0.002	0.988
0.001	0.004	0.002	0.992
0.001	0.006	0.008	0.985
0.001	0.004	0.003	0.992
0.001	0.004	0.002	0.992
0.002	0.005	0.004	0.989
0.001	0.02	0.004	0.975
0.001	0.005	0.004	0.99
0.001	0.008	0.004	0.986
0.001	0.016	0.003	0.979
0.002	0.012	0.004	0.981
0.001	0.024	0.017	0.957
0.002	0.003	0.002	0.993
0.001	0.004	0.003	0.991
0.002	0.006	0.003	0.99
0.001	0.01	0.007	0.982
0.001	0.008	0.004	0.987
0.001	0.004	0.003	0.992
0.001	0.006	0.003	0.99
0.002	0.005	0.002	0.991
0.001	0.005	0.005	0.989
0.002	0.008	0.004	0.986
0.001	0.011	0.017	0.971
0.001	0.004	0.003	0.991
0.001	0.004	0.004	0.991
0.001	0.011	0.01	0.978
0.001	0.98	0.007	0.011
0.002	0.004	0.991	0.003
0.001	0.011	0.984	0.004
0.001	0.004	0.991	0.004
0.002	0.004	0.99	0.004
0.001	0.01	0.985	0.004
0.001	0.983	0.007	0.009
0.002	0.004	0.992	0.003
0.004	0.043	0.006	0.948
0.001	0.003	0.993	0.003
0.001	0.007	0.984	0.008
0.001	0.005	0.989	0.005
0.002	0.004	0.991	0.003
0.001	0.979	0.008	0.012
0.002	0.331	0.657	0.011
0.002	0.006	0.989	0.003
0.001	0.985	0.01	0.003
0.001	0.98	0.015	0.003
0.001	0.988	0.007	0.003
0.002	0.003	0.992	0.003
0.001	0.011	0.007	0.981
0.001	0.646	0.349	0.004
0.013	0.009	0.974	0.003
0.001	0.979	0.008	0.012
0.003	0.019	0.968	0.01
0.001	0.005	0.991	0.003
0.001	0.007	0.988	0.004
0.001	0.006	0.988	0.005
0.001	0.006	0.988	0.004
0.009	0.742	0.019	0.229
0.001	0.979	0.009	0.01
0.002	0.98	0.009	0.01
0.002	0.589	0.012	0.397
0.002	0.983	0.008	0.008
0.001	0.987	0.005	0.006
0.001	0.005	0.991	0.003
0.001	0.003	0.992	0.003
0.002	0.98	0.012	0.006
0.001	0.962	0.006	0.031
0.02	0.01	0.006	0.965
0.001	0.004	0.99	0.004
0.001	0.004	0.991	0.003
0.001	0.005	0.989	0.004
0.002	0.021	0.003	0.974
0.004	0.766	0.219	0.011
0.001	0.004	0.991	0.003
0.001	0.913	0.077	0.008
0.002	0.284	0.005	0.71
0.001	0.885	0.044	0.07
0.001	0.028	0.761	0.209
0.001	0.007	0.989	0.004
0.001	0.043	0.525	0.431
0.001	0.004	0.004	0.991
0.001	0.017	0.011	0.971
0.14	0.812	0.042	0.007
0.002	0.079	0.012	0.907
0.996	0.001	0.001	0.001
0.996	0.001	0.001	0.001
0.001	0.007	0.008	0.984
0.001	0.037	0.012	0.95
0.001	0.968	0.012	0.019
0.996	0.001	0.001	0.001
0.002	0.984	0.006	0.009
0.001	0.004	0.005	0.99
0.002	0.954	0.007	0.037
0.001	0.039	0.01	0.95
0.003	0.908	0.083	0.007
0.001	0.963	0.015	0.021
0.996	0.001	0.001	0.001
0.001	0.009	0.012	0.977
0.996	0.001	0.002	0.001
0.006	0.319	0.004	0.672
0.001	0.086	0.021	0.892
0.005	0.003	0.005	0.988
0.001	0.074	0.01	0.914
0.002	0.018	0.007	0.973
0.003	0.005	0.004	0.988
0.001	0.022	0.005	0.971
0.001	0.023	0.003	0.973
0.004	0.005	0.004	0.988
0.002	0.013	0.005	0.98
0.009	0.006	0.006	0.979
0.002	0.007	0.005	0.986
0.004	0.102	0.051	0.844
0.001	0.005	0.005	0.989
0.001	0.01	0.006	0.982
0.001	0.053	0.006	0.94
0.001	0.005	0.002	0.992
0.001	0.006	0.004	0.989
0.001	0.003	0.003	0.993
0.002	0.017	0.006	0.976
0.001	0.009	0.008	0.982
0.001	0.018	0.017	0.963
0.995	0.002	0.002	0.002
0.001	0.968	0.01	0.02
0.996	0.001	0.001	0.001
0.996	0.001	0.001	0.001
0.001	0.007	0.988	0.003
0.001	0.054	0.872	0.073
0.995	0.002	0.001	0.002
0.981	0.005	0.008	0.005
0.996	0.002	0.001	0.001
0.001	0.96	0.008	0.031
0.001	0.009	0.003	0.987
0.996	0.001	0.001	0.001
0.001	0.006	0.003	0.989
0.001	0.014	0.011	0.974
0.002	0.979	0.007	0.012
0.001	0.004	0.003	0.992
0.002	0.007	0.005	0.986
0.002	0.005	0.003	0.991
0.001	0.004	0.003	0.992
0.001	0.008	0.013	0.977
0.005	0.009	0.004	0.982
0.001	0.027	0.013	0.959
0.001	0.014	0.004	0.981
0.995	0.002	0.001	0.002
0.005	0.039	0.003	0.952
0.001	0.135	0.096	0.767
0.001	0.006	0.003	0.99
0.996	0.001	0.001	0.002
0.001	0.007	0.988	0.003
0.996	0.001	0.001	0.001
0.001	0.868	0.022	0.109
0.001	0.931	0.057	0.011
0.995	0.002	0.001	0.001
0.001	0.132	0.038	0.829
0.002	0.942	0.026	0.031
0.001	0.011	0.005	0.982
0.001	0.971	0.016	0.011
0.001	0.004	0.007	0.988
0.002	0.012	0.007	0.98
0.002	0.008	0.004	0.986
0.001	0.009	0.008	0.982
0.002	0.914	0.065	0.019
0.001	0.936	0.004	0.059
0.001	0.979	0.015	0.005
0.002	0.797	0.003	0.198
0.001	0.968	0.006	0.025
0.996	0.001	0.001	0.001
0.001	0.031	0.075	0.893
0.001	0.009	0.012	0.978
0.996	0.001	0.002	0.001
0.995	0.002	0.001	0.001
0.996	0.001	0.001	0.001
0.001	0.008	0.003	0.987
0.021	0.008	0.963	0.008
0.001	0.004	0.003	0.992
0.006	0.01	0.005	0.978
0.001	0.008	0.004	0.987
0.001	0.006	0.005	0.987
0.001	0.004	0.004	0.991
0.001	0.005	0.003	0.99
0.001	0.013	0.062	0.924
0.002	0.012	0.014	0.971
0.001	0.003	0.002	0.993
0.001	0.008	0.003	0.988
0.003	0.036	0.008	0.953
0.002	0.101	0.008	0.889
0.001	0.005	0.01	0.984
0.003	0.005	0.006	0.986
0.001	0.004	0.016	0.978
0.001	0.004	0.006	0.989
0.001	0.222	0.129	0.648
0.001	0.008	0.005	0.986
0.002	0.003	0.991	0.003
0.002	0.008	0.006	0.984
0.021	0.031	0.004	0.945
0.002	0.008	0.987	0.004
0.002	0.008	0.987	0.004
0.002	0.008	0.986	0.004
0.001	0.008	0.987	0.004
0.002	0.008	0.987	0.004
0.001	0.043	0.009	0.946
0.001	0.027	0.013	0.959
0.001	0.005	0.004	0.989
0.001	0.006	0.008	0.984
0.002	0.972	0.007	0.019
0.001	0.006	0.005	0.988
0.002	0.014	0.012	0.972
0.001	0.004	0.005	0.989
0.002	0.008	0.014	0.977
0.002	0.004	0.004	0.99
0.001	0.086	0.003	0.91
0.001	0.006	0.003	0.99
0.002	0.007	0.005	0.986
0.001	0.005	0.004	0.99
0.001	0.006	0.005	0.988
0.001	0.023	0.953	0.022
0.996	0.001	0.002	0.001
0.001	0.004	0.992	0.003
0.001	0.034	0.032	0.933
0.995	0.002	0.001	0.002
0.001	0.043	0.009	0.946
0.002	0.973	0.007	0.018
0.001	0.625	0.05	0.324
0.002	0.004	0.991	0.003
0.001	0.013	0.009	0.977
0.003	0.103	0.003	0.89
0.002	0.008	0.987	0.004
0.001	0.007	0.006	0.986
0.001	0.006	0.003	0.99
0.002	0.978	0.003	0.017
0.048	0.011	0.009	0.933
0.003	0.008	0.359	0.63
0.002	0.004	0.992	0.003
0.003	0.053	0.008	0.937
0.002	0.005	0.003	0.991
0.004	0.034	0.019	0.944
0.001	0.977	0.018	0.003
0.001	0.007	0.021	0.971
0.001	0.007	0.012	0.981
0.996	0.001	0.001	0.002
0.995	0.002	0.002	0.002
0.001	0.098	0.058	0.842
0.001	0.087	0.016	0.896
0.001	0.005	0.005	0.989
0.97	0.021	0.007	0.002
0.001	0.087	0.026	0.886
0.002	0.977	0.007	0.015
0.003	0.004	0.984	0.009
0.002	0.519	0.082	0.397
0.001	0.003	0.993	0.002
0.001	0.003	0.993	0.003
0.001	0.981	0.007	0.011
0.002	0.981	0.012	0.005
0.001	0.007	0.006	0.986
0.002	0.007	0.006	0.986
0.001	0.003	0.992	0.003
0.002	0.897	0.096	0.005
0.001	0.985	0.004	0.009
0.002	0.961	0.015	0.022
0.001	0.012	0.009	0.978
0.001	0.005	0.989	0.004
0.001	0.019	0.33	0.65
0.001	0.005	0.99	0.004
0.002	0.939	0.013	0.047
0.001	0.013	0.063	0.923
0.001	0.004	0.991	0.004
0.001	0.966	0.011	0.022
0.001	0.003	0.004	0.992
0.001	0.058	0.052	0.889
0.001	0.003	0.004	0.991
0.001	0.118	0.011	0.87
0.001	0.005	0.004	0.99
0.004	0.004	0.12	0.872
0.001	0.038	0.036	0.925
0.001	0.002	0.003	0.993
0.002	0.002	0.007	0.989
0.001	0.005	0.016	0.978
0.001	0.004	0.009	0.986
0.011	0.076	0.08	0.833
0.005	0.002	0.005	0.988
0.002	0.004	0.004	0.991
0.001	0.121	0.154	0.723
0.001	0.006	0.006	0.988
0.001	0.184	0.015	0.799
0.001	0.236	0.015	0.747
0.001	0.005	0.005	0.989
0.002	0.526	0.019	0.453
0.001	0.003	0.004	0.992
0.001	0.002	0.043	0.954
0.001	0.019	0.022	0.958
0.002	0.005	0.758	0.236
0.001	0.003	0.008	0.987
0.002	0.003	0.437	0.558
0.002	0.01	0.248	0.74
0.001	0.006	0.006	0.987
0.001	0.006	0.019	0.973
0.002	0.002	0.004	0.993
0.001	0.004	0.007	0.989
0.002	0.021	0.017	0.961
0.007	0.006	0.009	0.978
0.004	0.059	0.015	0.921
0.001	0.01	0.007	0.981
0.003	0.01	0.023	0.965
0.008	0.005	0.011	0.976
0.001	0.005	0.008	0.986
0.003	0.004	0.007	0.986
0.001	0.003	0.008	0.988
0.001	0.003	0.003	0.993
0.001	0.003	0.005	0.991
0.001	0.002	0.004	0.992
0.002	0.002	0.007	0.988
0.001	0.002	0.004	0.992
0.001	0.008	0.006	0.985
0.001	0.003	0.004	0.992
0.001	0.002	0.004	0.993
0.002	0.004	0.005	0.989
0.001	0.004	0.02	0.975
0.001	0.004	0.005	0.99
0.001	0.004	0.008	0.986
0.001	0.003	0.016	0.98
0.002	0.004	0.012	0.982
0.001	0.017	0.025	0.957
0.002	0.002	0.003	0.993
0.001	0.003	0.004	0.991
0.002	0.003	0.006	0.99
0.001	0.007	0.01	0.982
0.001	0.004	0.007	0.987
0.001	0.003	0.004	0.992
0.001	0.003	0.006	0.99
0.002	0.002	0.005	0.991
0.001	0.005	0.005	0.989
0.002	0.004	0.008	0.986
0.001	0.016	0.011	0.972
0.001	0.003	0.004	0.991
0.001	0.004	0.004	0.991
0.001	0.01	0.01	0.979
0.001	0.007	0.98	0.011
0.002	0.991	0.004	0.004
0.001	0.984	0.011	0.004
0.001	0.991	0.004	0.004
0.002	0.99	0.004	0.004
0.001	0.985	0.01	0.004
0.001	0.006	0.983	0.009
0.002	0.992	0.004	0.003
0.004	0.006	0.043	0.948
0.001	0.993	0.003	0.003
0.001	0.984	0.007	0.008
0.001	0.989	0.005	0.005
0.002	0.991	0.004	0.003
0.001	0.008	0.979	0.012
0.002	0.652	0.335	0.011
0.002	0.989	0.006	0.003
0.001	0.01	0.986	0.003
0.001	0.015	0.981	0.003
0.001	0.007	0.988	0.003
0.002	0.992	0.003	0.003
0.001	0.007	0.011	0.981
0.001	0.351	0.644	0.004
0.013	0.975	0.009	0.003
0.001	0.008	0.979	0.011
0.004	0.967	0.019	0.01
0.001	0.991	0.005	0.003
0.001	0.988	0.007	0.004
0.001	0.989	0.006	0.005
0.001	0.989	0.006	0.004
0.009	0.018	0.74	0.233
0.001	0.009	0.979	0.01
0.002	0.009	0.98	0.009
0.002	0.012	0.591	0.395
0.002	0.007	0.982	0.008
0.001	0.005	0.987	0.006
0.001	0.991	0.005	0.003
0.001	0.992	0.003	0.003
0.002	0.013	0.98	0.006
0.001	0.006	0.963	0.03
0.019	0.006	0.01	0.965
0.001	0.99	0.004	0.004
0.001	0.991	0.004	0.003
0.001	0.989	0.005	0.004
0.002	0.003	0.02	0.974
0.004	0.215	0.771	0.01
0.001	0.992	0.004	0.003
0.001	0.074	0.916	0.009
0.002	0.005	0.289	0.704
0.001	0.046	0.882	0.071
0.001	0.762	0.028	0.208
0.001	0.989	0.006	0.004
0.001	0.524	0.042	0.433
0.001	0.004	0.004	0.991
0.001	0.011	0.017	0.971
0.137	0.041	0.814	0.007
0.002	0.012	0.08	0.907
0.996	0.001	0.001	0.001
0.996	0.001	0.001	0.001
0.001	0.008	0.007	0.984
0.001	0.013	0.038	0.948
0.001	0.011	0.967	0.02
0.996	0.001	0.001	0.001
0.001	0.006	0.984	0.009
0.001	0.005	0.004	0.99
0.002	0.007	0.955	0.036
0.001	0.01	0.037	0.952
0.003	0.086	0.904	0.007
0.001	0.015	0.963	0.021
0.996	0.001	0.001	0.001
0.001	0.012	0.009	0.977
0.996	0.002	0.001	0.001
0.006	0.004	0.319	0.671
0.001	0.021	0.086	0.892
0.005	0.005	0.003	0.988
0.001	0.01	0.073	0.915
0.002	0.007	0.019	0.972
0.003	0.004	0.006	0.988
0.001	0.005	0.021	0.972
0.001	0.003	0.023	0.972
0.004	0.004	0.004	0.988
0.002	0.004	0.013	0.98
0.009	0.006	0.006	0.98
0.002	0.005	0.007	0.986
0.004	0.05	0.102	0.845
0.001	0.005	0.005	0.989
0.001	0.006	0.01	0.982
0.001	0.006	0.051	0.942
0.001	0.002	0.005	0.992
0.001	0.004	0.006	0.989
0.001	0.003	0.003	0.993
0.002	0.006	0.017	0.975
0.001	0.008	0.009	0.982
0.001	0.017	0.018	0.964
0.995	0.002	0.001	0.002
0.001	0.01	0.969	0.019
0.996	0.001	0.001	0.001
0.996	0.001	0.001	0.001
0.001	0.989	0.007	0.003
0.001	0.871	0.053	0.075
0.995	0.001	0.002	0.002
0.981	0.008	0.005	0.005
0.996	0.001	0.002	0.001
0.001	0.008	0.959	0.031
0.001	0.003	0.009	0.987
0.996	0.001	0.001	0.001
0.001	0.003	0.007	0.989
0.001	0.011	0.013	0.975
0.002	0.007	0.978	0.013
0.001	0.003	0.004	0.992
0.002	0.006	0.007	0.986
0.002	0.003	0.005	0.991
0.001	0.003	0.004	0.992
0.001	0.013	0.007	0.978
0.005	0.004	0.009	0.982
0.001	0.013	0.028	0.958
0.001	0.004	0.014	0.981
0.995	0.001	0.002	0.002
0.005	0.003	0.039	0.952
0.001	0.098	0.134	0.766
0.001	0.003	0.006	0.989
0.996	0.001	0.001	0.002
0.002	0.988	0.007	0.003
0.996	0.001	0.001	0.001
0.001	0.023	0.866	0.109
0.001	0.057	0.931	0.011
0.996	0.001	0.002	0.001
0.001	0.038	0.13	0.831
0.002	0.027	0.941	0.031
0.001	0.005	0.012	0.982
0.001	0.017	0.971	0.011
0.001	0.007	0.004	0.988
0.002	0.007	0.011	0.98
0.002	0.004	0.008	0.986
0.001	0.008	0.009	0.981
0.002	0.064	0.916	0.018
0.001	0.004	0.939	0.056
0.002	0.015	0.978	0.005
0.002	0.003	0.814	0.18
0.001	0.005	0.969	0.025
0.996	0.001	0.001	0.001
0.001	0.074	0.031	0.895
0.001	0.011	0.009	0.978
0.996	0.002	0.001	0.001
0.995	0.001	0.002	0.001
0.996	0.001	0.001	0.001
0.001	0.003	0.008	0.987
0.021	0.962	0.008	0.009
0.001	0.003	0.004	0.991
0.006	0.005	0.011	0.978
0.001	0.004	0.008	0.987
0.001	0.005	0.006	0.988
0.001	0.004	0.004	0.991
0.001	0.003	0.005	0.99
0.001	0.062	0.012	0.924
0.002	0.015	0.013	0.971
0.001	0.002	0.003	0.993
0.001	0.003	0.008	0.987
0.003	0.008	0.036	0.953
0.002	0.008	0.103	0.887
0.001	0.01	0.005	0.984
0.003	0.006	0.005	0.986
0.001	0.017	0.004	0.978
0.001	0.006	0.004	0.989
0.001	0.129	0.219	0.651
0.001	0.005	0.008	0.986
0.002	0.991	0.003	0.003
0.002	0.006	0.008	0.984
0.021	0.004	0.032	0.944
0.002	0.986	0.008	0.004
0.002	0.987	0.008	0.004
0.001	0.987	0.008	0.004
0.001	0.987	0.008	0.004
0.002	0.987	0.008	0.004
0.001	0.009	0.043	0.947
0.001	0.013	0.027	0.958
0.001	0.004	0.005	0.989
0.001	0.008	0.006	0.985
0.002	0.007	0.972	0.019
0.001	0.005	0.006	0.988
0.002	0.013	0.015	0.971
0.001	0.005	0.004	0.989
0.002	0.013	0.008	0.978
0.002	0.004	0.004	0.99
0.001	0.003	0.085	0.91
0.001	0.003	0.005	0.991
0.002	0.005	0.007	0.986
0.001	0.004	0.006	0.99
0.001	0.005	0.006	0.988
0.001	0.952	0.024	0.022
0.996	0.002	0.001	0.001
0.001	0.992	0.004	0.003
0.001	0.033	0.034	0.932
0.995	0.001	0.002	0.002
0.001	0.009	0.043	0.947
0.002	0.007	0.972	0.019
0.001	0.049	0.625	0.325
0.002	0.991	0.004	0.003
0.001	0.009	0.012	0.978
0.003	0.003	0.102	0.892
0.002	0.987	0.008	0.004
0.001	0.006	0.006	0.986
0.001	0.003	0.006	0.99
0.002	0.003	0.978	0.017
0.048	0.009	0.01	0.933
0.003	0.356	0.008	0.632
0.002	0.991	0.004	0.003
0.003	0.008	0.053	0.936
0.002	0.003	0.005	0.991
0.004	0.019	0.033	0.944
0.001	0.018	0.977	0.003
0.001	0.021	0.007	0.971
0.001	0.011	0.007	0.981
0.996	0.001	0.001	0.002
0.995	0.002	0.002	0.002
0.001	0.058	0.096	0.845
0.001	0.016	0.085	0.898
0.001	0.004	0.005	0.989
0.971	0.008	0.019	0.002
0.001	0.026	0.087	0.886
0.002	0.007	0.977	0.015
0.002	0.984	0.004	0.009
0.002	0.081	0.529	0.389
0.001	0.993	0.003	0.002
0.001	0.993	0.003	0.003
0.001	0.007	0.981	0.011
0.002	0.013	0.981	0.005
0.001	0.006	0.007	0.986
0.002	0.006	0.007	0.985
0.001	0.992	0.004	0.003
0.002	0.093	0.899	0.005
0.001	0.004	0.985	0.009
0.002	0.015	0.962	0.021
0.001	0.009	0.012	0.978
0.001	0.989	0.005	0.004
0.001	0.329	0.02	0.65
0.001	0.99	0.005	0.004
0.002	0.012	0.939	0.046
0.001	0.063	0.012	0.924
0.001	0.991	0.004	0.004
0.001	0.01	0.966	0.022
0.003	0.001	0.992	0.004
0.058	0.001	0.889	0.053
0.003	0.001	0.991	0.004
0.118	0.001	0.87	0.011
0.005	0.001	0.99	0.004
0.004	0.004	0.869	0.124
0.038	0.001	0.924	0.036
0.002	0.001	0.993	0.003
0.002	0.002	0.989	0.006
0.005	0.001	0.978	0.016
0.004	0.001	0.986	0.009
0.075	0.011	0.835	0.079
0.002	0.005	0.988	0.005
0.004	0.001	0.991	0.004
0.121	0.001	0.72	0.158
0.006	0.001	0.988	0.006
0.185	0.001	0.799	0.015
0.236	0.001	0.747	0.015
0.006	0.001	0.989	0.004
0.526	0.002	0.454	0.018
0.003	0.001	0.991	0.004
0.002	0.001	0.954	0.043
0.019	0.001	0.958	0.022
0.005	0.002	0.233	0.761
0.004	0.001	0.987	0.008
0.003	0.002	0.555	0.441
0.01	0.002	0.736	0.252
0.006	0.001	0.987	0.006
0.007	0.001	0.973	0.019
0.002	0.002	0.993	0.004
0.004	0.001	0.989	0.006
0.021	0.001	0.96	0.017
0.006	0.007	0.977	0.009
0.061	0.004	0.92	0.015
0.011	0.001	0.981	0.007
0.01	0.003	0.965	0.023
0.005	0.008	0.976	0.011
0.005	0.001	0.986	0.008
0.004	0.003	0.986	0.007
0.003	0.001	0.988	0.008
0.003	0.001	0.993	0.003
0.003	0.001	0.991	0.005
0.002	0.001	0.992	0.004
0.003	0.002	0.988	0.007
0.002	0.001	0.992	0.004
0.008	0.001	0.985	0.006
0.003	0.001	0.992	0.004
0.002	0.001	0.992	0.004
0.004	0.002	0.989	0.005
0.004	0.001	0.975	0.02
0.004	0.001	0.99	0.004
0.004	0.001	0.986	0.008
0.003	0.001	0.979	0.016
0.005	0.002	0.981	0.012
0.017	0.001	0.957	0.024
0.002	0.001	0.993	0.003
0.004	0.001	0.991	0.004
0.003	0.002	0.99	0.006
0.007	0.001	0.982	0.01
0.004	0.001	0.987	0.008
0.003	0.001	0.992	0.004
0.003	0.001	0.99	0.006
0.002	0.002	0.991	0.005
0.005	0.001	0.989	0.005
0.004	0.002	0.986	0.008
0.016	0.001	0.972	0.01
0.003	0.001	0.991	0.005
0.004	0.001	0.991	0.004
0.01	0.001	0.978	0.01
0.007	0.001	0.011	0.98
0.991	0.002	0.003	0.004
0.984	0.001	0.004	0.011
0.991	0.001	0.004	0.004
0.99	0.002	0.004	0.004
0.985	0.001	0.004	0.01
0.007	0.001	0.01	0.983
0.992	0.001	0.003	0.004
0.006	0.004	0.948	0.042
0.993	0.001	0.003	0.003
0.984	0.001	0.008	0.007
0.989	0.001	0.005	0.005
0.991	0.002	0.003	0.004
0.008	0.001	0.012	0.979
0.657	0.002	0.012	0.329
0.989	0.002	0.003	0.006
0.01	0.001	0.003	0.986
0.015	0.001	0.003	0.98
0.008	0.001	0.003	0.988
0.993	0.001	0.003	0.003
0.007	0.001	0.98	0.011
0.353	0.001	0.004	0.642
0.975	0.013	0.003	0.009
0.008	0.001	0.011	0.979
0.967	0.003	0.01	0.019
0.991	0.001	0.003	0.005
0.988	0.001	0.004	0.007
0.988	0.001	0.005	0.006
0.989	0.001	0.004	0.006
0.019	0.009	0.226	0.746
0.009	0.001	0.01	0.979
0.009	0.002	0.01	0.979
0.012	0.002	0.394	0.592
0.008	0.002	0.008	0.982
0.005	0.001	0.007	0.987
0.991	0.001	0.003	0.005
0.992	0.001	0.003	0.003
0.013	0.002	0.006	0.98
0.006	0.001	0.03	0.963
0.006	0.02	0.965	0.01
0.991	0.001	0.004	0.004
0.992	0.001	0.003	0.004
0.989	0.001	0.004	0.005
0.003	0.002	0.974	0.02
0.214	0.004	0.011	0.772
0.991	0.001	0.003	0.004
0.076	0.001	0.008	0.915
0.005	0.002	0.708	0.285
0.045	0.001	0.072	0.882
0.762	0.001	0.207	0.029
0.989	0.001	0.004	0.006
0.525	0.001	0.43	0.044
0.004	0.001	0.991	0.004
0.01	0.001	0.971	0.017
0.043	0.136	0.007	0.815
0.012	0.002	0.906	0.081
0.001	0.996	0.001	0.001
0.001	0.996	0.001	0.001
0.008	0.001	0.984	0.007
0.013	0.001	0.949	0.037
0.012	0.001	0.02	0.967
0.002	0.996	0.001	0.001
0.006	0.001	0.009	0.983
0.005	0.001	0.99	0.004
0.007	0.002	0.037	0.954
0.01	0.001	0.951	0.038
0.085	0.003	0.007	0.905
0.015	0.001	0.021	0.962
0.001	0.996	0.001	0.001
0.012	0.001	0.977	0.01
0.002	0.996	0.001	0.001
0.004	0.006	0.675	0.315
0.021	0.001	0.893	0.085
0.005	0.005	0.988	0.003
0.011	0.001	0.914	0.074
0.007	0.002	0.972	0.019
0.004	0.003	0.988	0.005
0.006	0.001	0.971	0.022
0.003	0.001	0.972	0.024
0.004	0.004	0.988	0.004
0.005	0.002	0.98	0.013
0.006	0.009	0.979	0.006
0.006	0.002	0.985	0.007
0.05	0.004	0.844	0.102
0.005	0.001	0.989	0.005
0.006	0.001	0.982	0.01
0.006	0.001	0.942	0.051
0.002	0.001	0.992	0.005
0.005	0.001	0.988	0.006
0.003	0.001	0.992	0.004
0.006	0.002	0.976	0.016
0.008	0.001	0.981	0.009
0.018	0.001	0.963	0.018
0.002	0.995	0.002	0.002
0.011	0.001	0.02	0.968
0.001	0.996	0.001	0.001
0.001	0.996	0.001	0.001
0.989	0.001	0.003	0.007
0.873	0.001	0.074	0.052
0.002	0.995	0.002	0.002
0.009	0.981	0.005	0.006
0.001	0.996	0.001	0.001
0.008	0.001	0.032	0.959
0.004	0.001	0.987	0.009
0.001	0.996	0.001	0.001
0.003	0.001	0.989	0.006
0.011	0.001	0.974	0.014
0.007	0.002	0.013	0.978
0.003	0.001	0.992	0.004
0.006	0.002	0.986	0.007
0.003	0.002	0.991	0.005
0.003	0.001	0.992	0.004
0.014	0.001	0.977	0.008
0.004	0.005	0.983	0.009
0.013	0.001	0.959	0.027
0.004	0.001	0.98	0.015
0.002	0.995	0.002	0.002
0.003	0.005	0.952	0.04
0.101	0.001	0.758	0.14
0.003	0.001	0.989	0.006
0.001	0.996	0.002	0.001
0.988	0.001	0.003	0.007
0.001	0.996	0.001	0.001
0.022	0.001	0.107	0.869
0.058	0.001	0.011	0.93
0.001	0.995	0.001	0.002
0.039	0.001	0.83	0.129
0.027	0.001	0.031	0.94
0.005	0.001	0.982	0.011
0.017	0.001	0.011	0.971
0.007	0.001	0.988	0.004
0.008	0.002	0.979	0.012
0.004	0.002	0.986	0.007
0.008	0.001	0.982	0.009
0.066	0.002	0.018	0.914
0.004	0.001	0.057	0.937
0.015	0.001	0.005	0.978
0.003	0.002	0.196	0.798
0.006	0.001	0.024	0.969
0.001	0.996	0.001	0.001
0.077	0.001	0.89	0.032
0.012	0.001	0.978	0.009
0.002	0.996	0.001	0.001
0.001	0.995	0.001	0.002
0.001	0.996	0.001	0.001
0.003	0.001	0.987	0.008
0.963	0.021	0.008	0.008
0.004	0.001	0.991	0.004
0.006	0.006	0.978	0.011
0.004	0.001	0.988	0.008
0.005	0.001	0.987	0.007
0.004	0.001	0.992	0.004
0.003	0.001	0.99	0.005
0.063	0.001	0.923	0.012
0.015	0.002	0.971	0.012
0.003	0.001	0.993	0.003
0.003	0.001	0.988	0.008
0.008	0.003	0.951	0.037
0.008	0.002	0.888	0.102
0.01	0.001	0.984	0.005
0.006	0.003	0.986	0.006
0.017	0.001	0.978	0.004
0.006	0.001	0.989	0.004
0.131	0.001	0.644	0.224
0.005	0.001	0.986	0.008
0.991	0.002	0.003	0.003
0.007	0.002	0.984	0.008
0.004	0.02	0.944	0.031
0.987	0.001	0.004	0.008
0.987	0.001	0.004	0.008
0.987	0.001	0.004	0.008
0.986	0.001	0.004	0.008
0.987	0.001	0.004	0.008
0.009	0.001	0.945	0.044
0.013	0.001	0.957	0.028
0.004	0.001	0.989	0.005
0.008	0.001	0.984	0.006
0.007	0.002	0.019	0.972
0.005	0.001	0.988	0.006
0.013	0.002	0.971	0.015
0.005	0.001	0.989	0.004
0.014	0.001	0.977	0.008
0.004	0.001	0.99	0.004
0.003	0.001	0.905	0.09
0.003	0.001	0.99	0.006
0.005	0.002	0.986	0.007
0.004	0.001	0.99	0.006
0.005	0.001	0.988	0.006
0.952	0.001	0.022	0.024
0.002	0.996	0.001	0.001
0.992	0.001	0.003	0.004
0.034	0.001	0.931	0.034
0.001	0.995	0.002	0.002
0.009	0.001	0.946	0.043
0.007	0.002	0.019	0.972
0.049	0.001	0.318	0.632
0.99	0.002	0.003	0.004
0.01	0.001	0.977	0.012
0.003	0.003	0.891	0.103
0.987	0.001	0.004	0.008
0.006	0.001	0.986	0.007
0.003	0.001	0.99	0.006
0.003	0.002	0.017	0.978
0.009	0.048	0.932	0.011
0.356	0.003	0.632	0.008
0.991	0.002	0.003	0.004
0.008	0.003	0.936	0.053
0.003	0.002	0.991	0.005
0.019	0.004	0.944	0.033
0.019	0.001	0.003	0.977
0.021	0.001	0.971	0.007
0.012	0.001	0.981	0.007
0.001	0.996	0.002	0.001
0.002	0.995	0.002	0.002
0.059	0.001	0.84	0.1
0.016	0.001	0.898	0.084
0.005	0.001	0.989	0.005
0.008	0.969	0.002	0.022
0.027	0.001	0.886	0.086
0.007	0.002	0.015	0.976
0.984	0.002	0.009	0.004
0.082	0.002	0.393	0.523
0.993	0.001	0.002	0.003
0.993	0.001	0.003	0.003
0.007	0.001	0.011	0.98
0.013	0.002	0.005	0.98
0.006	0.001	0.986	0.007
0.006	0.002	0.985	0.007
0.992	0.001	0.003	0.004
0.096	0.002	0.005	0.897
0.004	0.001	0.01	0.985
0.016	0.002	0.023	0.96
0.009	0.001	0.977	0.012
0.989	0.001	0.004	0.005
0.33	0.001	0.65	0.019
0.99	0.001	0.004	0.005
0.013	0.002	0.046	0.939
0.064	0.001	0.922	0.012
0.991	0.001	0.004	0.004
0.011	0.001	0.023	0.965
0.004	0.992	0.003	0.001
0.117	0.876	0.006	0.001
0.004	0.992	0.003	0.001
0.106	0.887	0.006	0.001
0.004	0.987	0.008	0.001
0.012	0.983	0.003	0.003
0.025	0.917	0.057	0.001
0.003	0.994	0.002	0.001
0.004	0.992	0.003	0.002
0.007	0.987	0.005	0.001
0.007	0.988	0.003	0.001
0.018	0.854	0.121	0.007
0.004	0.989	0.002	0.005
0.003	0.989	0.006	0.002
0.028	0.71	0.26	0.001
0.007	0.987	0.005	0.001
0.008	0.816	0.174	0.001
0.007	0.74	0.252	0.001
0.004	0.987	0.007	0.001
0.708	0.238	0.045	0.009
0.004	0.991	0.004	0.001
0.007	0.989	0.003	0.001
0.025	0.967	0.007	0.001
0.053	0.939	0.005	0.002
0.007	0.99	0.002	0.001
0.014	0.981	0.003	0.002
0.068	0.869	0.061	0.002
0.006	0.988	0.004	0.001
0.013	0.981	0.005	0.001
0.003	0.993	0.002	0.002
0.006	0.99	0.003	0.001
0.025	0.964	0.01	0.001
0.009	0.979	0.004	0.008
0.006	0.887	0.105	0.003
0.011	0.983	0.005	0.001
0.018	0.971	0.009	0.003
0.008	0.98	0.004	0.009
0.009	0.986	0.004	0.001
0.005	0.988	0.004	0.003
0.004	0.992	0.003	0.001
0.003	0.992	0.004	0.001
0.004	0.992	0.003	0.001
0.003	0.993	0.002	0.001
0.004	0.991	0.003	0.003
0.003	0.993	0.002	0.001
0.004	0.973	0.022	0.001
0.004	0.992	0.003	0.001
0.003	0.993	0.002	0.001
0.005	0.989	0.003	0.002
0.007	0.987	0.005	0.001
0.005	0.99	0.003	0.001
0.005	0.989	0.005	0.001
0.006	0.988	0.004	0.001
0.014	0.982	0.002	0.002
0.02	0.963	0.015	0.001
0.003	0.993	0.002	0.002
0.003	0.991	0.004	0.001
0.004	0.992	0.002	0.002
0.01	0.985	0.004	0.001
0.006	0.988	0.004	0.001
0.003	0.991	0.004	0.001
0.004	0.992	0.004	0.001
0.003	0.993	0.002	0.002
0.005	0.988	0.005	0.001
0.007	0.988	0.003	0.002
0.014	0.975	0.01	0.001
0.003	0.991	0.004	0.001
0.004	0.99	0.004	0.001
0.018	0.978	0.003	0.001
0.969	0.025	0.005	0.001
0.003	0.003	0.993	0.001
0.986	0.004	0.009	0.001
0.003	0.003	0.993	0.001
0.977	0.004	0.014	0.005
0.987	0.004	0.007	0.001
0.974	0.02	0.005	0.001
0.003	0.002	0.993	0.001
0.011	0.98	0.007	0.002
0.146	0.021	0.832	0.001
0.985	0.006	0.008	0.001
0.985	0.005	0.009	0.001
0.003	0.003	0.993	0.001
0.968	0.026	0.005	0.001
0.979	0.005	0.015	0.001
0.004	0.003	0.991	0.001
0.988	0.005	0.005	0.002
0.986	0.004	0.008	0.002
0.989	0.005	0.004	0.002
0.413	0.005	0.581	0.002
0.008	0.982	0.01	0.001
0.837	0.004	0.157	0.002
0.005	0.003	0.979	0.014
0.973	0.021	0.004	0.001
0.988	0.005	0.006	0.001
0.003	0.002	0.993	0.001
0.986	0.004	0.008	0.001
0.982	0.005	0.012	0.001
0.985	0.004	0.01	0.001
0.434	0.517	0.028	0.022
0.95	0.042	0.006	0.001
0.574	0.235	0.189	0.002
0.298	0.694	0.006	0.002
0.606	0.218	0.169	0.007
0.898	0.097	0.004	0.001
0.003	0.002	0.993	0.001
0.013	0.005	0.98	0.001
0.638	0.148	0.211	0.003
0.705	0.288	0.005	0.002
0.006	0.967	0.008	0.019
0.98	0.004	0.015	0.001
0.991	0.003	0.005	0.001
0.981	0.005	0.012	0.001
0.016	0.979	0.002	0.002
0.684	0.014	0.299	0.003
0.988	0.004	0.007	0.001
0.979	0.008	0.012	0.001
0.029	0.966	0.003	0.002
0.561	0.423	0.014	0.001
0.01	0.171	0.817	0.001
0.986	0.004	0.009	0.001
0.017	0.408	0.574	0.001
0.004	0.991	0.004	0.001
0.016	0.976	0.007	0.001
0.754	0.035	0.003	0.209
0.038	0.951	0.009	0.002
0.001	0.001	0.001	0.996
0.001	0.001	0.001	0.996
0.008	0.984	0.008	0.001
0.022	0.958	0.019	0.001
0.944	0.05	0.004	0.002
0.001	0.001	0.002	0.996
0.975	0.019	0.004	0.002
0.007	0.99	0.002	0.001
0.688	0.3	0.008	0.004
0.022	0.963	0.013	0.001
0.866	0.011	0.119	0.004
0.982	0.014	0.003	0.001
0.001	0.001	0.001	0.996
0.014	0.977	0.008	0.001
0.001	0.001	0.002	0.995
0.051	0.932	0.007	0.01
0.108	0.877	0.013	0.001
0.004	0.986	0.005	0.005
0.008	0.959	0.032	0.001
0.012	0.981	0.005	0.002
0.006	0.99	0.002	0.003
0.018	0.975	0.005	0.001
0.004	0.991	0.003	0.001
0.004	0.989	0.003	0.004
0.01	0.984	0.004	0.002
0.006	0.979	0.005	0.009
0.007	0.986	0.005	0.002
0.136	0.855	0.006	0.004
0.007	0.989	0.003	0.001
0.009	0.984	0.006	0.001
0.01	0.98	0.009	0.001
0.003	0.993	0.002	0.001
0.005	0.988	0.005	0.001
0.003	0.992	0.004	0.001
0.012	0.982	0.005	0.002
0.008	0.984	0.007	0.001
0.025	0.968	0.006	0.001
0.002	0.002	0.002	0.995
0.951	0.041	0.006	0.001
0.001	0.001	0.001	0.996
0.001	0.001	0.001	0.996
0.991	0.003	0.005	0.001
0.954	0.039	0.006	0.001
0.002	0.002	0.002	0.995
0.008	0.005	0.007	0.98
0.001	0.001	0.001	0.996
0.891	0.103	0.005	0.001
0.006	0.991	0.002	0.001
0.001	0.001	0.001	0.996
0.006	0.991	0.002	0.001
0.012	0.976	0.011	0.001
0.957	0.035	0.006	0.002
0.004	0.993	0.002	0.001
0.007	0.987	0.004	0.002
0.005	0.992	0.002	0.002
0.004	0.993	0.003	0.001
0.014	0.979	0.005	0.001
0.005	0.985	0.004	0.005
0.012	0.969	0.017	0.001
0.008	0.988	0.003	0.001
0.002	0.002	0.002	0.995
0.009	0.985	0.003	0.003
0.056	0.865	0.078	0.001
0.004	0.992	0.003	0.001
0.001	0.002	0.001	0.996
0.992	0.003	0.004	0.001
0.001	0.001	0.001	0.996
0.783	0.207	0.008	0.001
0.982	0.013	0.004	0.001
0.002	0.001	0.001	0.996
0.044	0.895	0.059	0.001
0.962	0.03	0.006	0.001
0.008	0.983	0.007	0.001
0.97	0.022	0.007	0.001
0.004	0.985	0.009	0.001
0.012	0.984	0.002	0.002
0.005	0.988	0.005	0.002
0.012	0.984	0.003	0.001
0.896	0.089	0.012	0.003
0.053	0.939	0.006	0.002
0.982	0.013	0.003	0.002
0.026	0.966	0.005	0.003
0.917	0.078	0.004	0.001
0.001	0.001	0.002	0.996
0.026	0.909	0.063	0.001
0.014	0.979	0.006	0.001
0.001	0.001	0.002	0.995
0.002	0.002	0.001	0.995
0.001	0.001	0.001	0.996
0.006	0.99	0.003	0.001
0.957	0.007	0.01	0.026
0.004	0.992	0.003	0.001
0.008	0.982	0.004	0.006
0.006	0.99	0.003	0.001
0.007	0.988	0.003	0.001
0.003	0.99	0.005	0.001
0.004	0.99	0.005	0.001
0.062	0.933	0.004	0.001
0.013	0.968	0.018	0.002
0.003	0.993	0.003	0.001
0.004	0.991	0.003	0.001
0.012	0.979	0.007	0.002
0.037	0.948	0.013	0.002
0.007	0.985	0.007	0.001
0.006	0.986	0.005	0.003
0.013	0.982	0.004	0.001
0.004	0.988	0.007	0.001
0.307	0.684	0.008	0.001
0.006	0.987	0.006	0.001
0.003	0.002	0.993	0.002
0.006	0.983	0.008	0.002
0.008	0.968	0.004	0.02
0.99	0.004	0.005	0.001
0.99	0.004	0.005	0.001
0.99	0.004	0.005	0.001
0.99	0.004	0.006	0.001
0.99	0.004	0.006	0.001
0.023	0.965	0.011	0.001
0.021	0.965	0.013	0.001
0.005	0.99	0.004	0.001
0.008	0.986	0.005	0.001
0.936	0.058	0.004	0.002
0.007	0.989	0.003	0.001
0.015	0.977	0.006	0.002
0.004	0.986	0.009	0.001
0.005	0.943	0.05	0.002
0.005	0.991	0.003	0.001
0.024	0.972	0.002	0.001
0.004	0.992	0.003	0.001
0.005	0.986	0.007	0.002
0.004	0.99	0.004	0.001
0.005	0.989	0.004	0.001
0.016	0.019	0.963	0.001
0.002	0.001	0.003	0.995
0.003	0.002	0.993	0.001
0.032	0.92	0.046	0.001
0.002	0.002	0.002	0.995
0.022	0.966	0.011	0.001
0.934	0.06	0.004	0.002
0.47	0.524	0.005	0.001
0.014	0.003	0.981	0.002
0.014	0.981	0.004	0.001
0.015	0.981	0.002	0.002
0.99	0.004	0.005	0.001
0.005	0.985	0.008	0.001
0.003	0.991	0.004	0.001
0.741	0.254	0.003	0.002
0.007	0.933	0.012	0.048
0.01	0.662	0.326	0.002
0.003	0.003	0.993	0.001
0.016	0.977	0.004	0.003
0.004	0.991	0.003	0.002
0.026	0.942	0.028	0.004
0.981	0.004	0.013	0.001
0.014	0.975	0.01	0.001
0.008	0.978	0.013	0.001
0.001	0.002	0.001	0.996
0.002	0.002	0.002	0.995
0.037	0.862	0.099	0.001
0.035	0.943	0.02	0.001
0.005	0.99	0.003	0.001
0.02	0.002	0.002	0.976
0.083	0.91	0.005	0.001
0.889	0.105	0.004	0.002
0.003	0.007	0.987	0.002
0.066	0.731	0.202	0.002
0.003	0.002	0.994	0.001
0.003	0.002	0.994	0.001
0.971	0.023	0.005	0.001
0.712	0.075	0.21	0.003
0.005	0.986	0.008	0.001
0.005	0.985	0.008	0.002
0.003	0.002	0.993	0.001
0.908	0.007	0.082	0.003
0.768	0.226	0.004	0.002
0.731	0.264	0.004	0.002
0.011	0.982	0.006	0.001
0.984	0.005	0.011	0.001
0.022	0.643	0.333	0.001
0.986	0.004	0.009	0.001
0.164	0.604	0.228	0.004
0.063	0.932	0.004	0.001
0.988	0.004	0.006	0.001
0.556	0.425	0.018	0.002
0.991	0.003	0.001	0.005
0.891	0.057	0.001	0.051
0.991	0.003	0.001	0.004
0.871	0.116	0.001	0.012
0.99	0.005	0.001	0.004
0.869	0.004	0.004	0.124
0.927	0.037	0.001	0.034
0.993	0.002	0.001	0.003
0.989	0.002	0.002	0.007
0.978	0.005	0.001	0.016
0.986	0.004	0.001	0.009
0.832	0.076	0.011	0.081
0.988	0.002	0.005	0.005
0.991	0.004	0.001	0.004
0.712	0.117	0.001	0.169
0.987	0.006	0.001	0.006
0.799	0.184	0.001	0.015
0.747	0.236	0.001	0.016
0.989	0.006	0.001	0.004
0.454	0.526	0.002	0.018
0.991	0.003	0.001	0.004
0.955	0.002	0.001	0.041
0.958	0.019	0.001	0.022
0.233	0.005	0.002	0.761
0.987	0.004	0.001	0.008
0.547	0.003	0.002	0.448
0.734	0.01	0.002	0.255
0.987	0.006	0.001	0.006
0.963	0.006	0.001	0.03
0.992	0.002	0.002	0.004
0.988	0.004	0.001	0.007
0.961	0.02	0.001	0.017
0.978	0.006	0.007	0.009
0.921	0.06	0.004	0.015
0.981	0.01	0.001	0.007
0.965	0.01	0.003	0.023
0.976	0.005	0.008	0.011
0.986	0.005	0.001	0.008
0.987	0.004	0.003	0.007
0.988	0.003	0.001	0.008
0.993	0.003	0.001	0.003
0.991	0.003	0.001	0.005
0.992	0.002	0.001	0.004
0.988	0.002	0.002	0.007
0.992	0.002	0.001	0.004
0.985	0.008	0.001	0.006
0.992	0.003	0.001	0.004
0.992	0.002	0.001	0.004
0.989	0.004	0.002	0.005
0.975	0.004	0.001	0.02
0.99	0.004	0.001	0.005
0.987	0.004	0.001	0.008
0.979	0.003	0.001	0.016
0.982	0.004	0.002	0.012
0.956	0.017	0.001	0.026
0.993	0.002	0.001	0.003
0.991	0.003	0.001	0.004
0.99	0.002	0.002	0.006
0.982	0.007	0.001	0.01
0.987	0.004	0.001	0.007
0.992	0.003	0.001	0.004
0.99	0.003	0.001	0.006
0.991	0.002	0.002	0.005
0.988	0.005	0.001	0.006
0.986	0.004	0.002	0.009
0.971	0.017	0.001	0.011
0.991	0.003	0.001	0.005
0.991	0.004	0.001	0.004
0.978	0.01	0.001	0.011
0.012	0.008	0.001	0.979
0.004	0.991	0.002	0.004
0.004	0.984	0.001	0.011
0.004	0.991	0.001	0.004
0.004	0.99	0.002	0.004
0.004	0.985	0.001	0.01
0.01	0.007	0.001	0.983
0.003	0.992	0.002	0.004
0.946	0.006	0.003	0.044
0.003	0.993	0.001	0.003
0.009	0.984	0.001	0.007
0.005	0.989	0.001	0.005
0.003	0.991	0.002	0.004
0.012	0.008	0.001	0.978
0.011	0.657	0.002	0.33
0.003	0.989	0.002	0.006
0.003	0.01	0.001	0.986
0.003	0.015	0.001	0.981
0.003	0.008	0.001	0.988
0.003	0.992	0.001	0.003
0.981	0.007	0.001	0.011
0.004	0.356	0.001	0.639
0.004	0.975	0.013	0.009
0.012	0.008	0.001	0.979
0.01	0.968	0.003	0.018
0.003	0.991	0.001	0.005
0.004	0.988	0.001	0.007
0.005	0.988	0.001	0.006
0.004	0.989	0.001	0.006
0.233	0.018	0.009	0.74
0.01	0.009	0.001	0.979
0.01	0.009	0.002	0.98
0.392	0.012	0.002	0.594
0.008	0.008	0.002	0.982
0.007	0.005	0.001	0.987
0.003	0.991	0.001	0.005
0.003	0.992	0.001	0.003
0.006	0.013	0.002	0.98
0.031	0.006	0.001	0.962
0.938	0.006	0.019	0.037
0.004	0.99	0.001	0.004
0.004	0.991	0.001	0.004
0.005	0.989	0.001	0.005
0.974	0.003	0.002	0.02
0.011	0.218	0.004	0.768
0.003	0.991	0.001	0.004
0.009	0.074	0.001	0.916
0.697	0.005	0.002	0.297
0.07	0.045	0.001	0.884
0.207	0.762	0.001	0.029
0.004	0.989	0.001	0.006
0.43	0.523	0.001	0.045
0.991	0.003	0.001	0.004
0.971	0.011	0.001	0.017
0.007	0.042	0.137	0.814
0.907	0.012	0.002	0.08
0.001	0.001	0.996	0.001
0.001	0.001	0.996	0.001
0.984	0.008	0.001	0.007
0.95	0.013	0.001	0.036
0.02	0.012	0.001	0.967
0.001	0.001	0.996	0.001
0.009	0.006	0.001	0.983
0.99	0.005	0.001	0.004
0.037	0.007	0.002	0.954
0.952	0.01	0.001	0.037
0.007	0.085	0.003	0.906
0.022	0.015	0.001	0.962
0.001	0.001	0.996	0.001
0.977	0.012	0.001	0.009
0.001	0.002	0.996	0.001
0.678	0.004	0.006	0.312
0.892	0.021	0.001	0.086
0.988	0.005	0.005	0.003
0.918	0.01	0.001	0.071
0.973	0.007	0.002	0.019
0.988	0.004	0.003	0.005
0.972	0.006	0.001	0.021
0.969	0.003	0.001	0.026
0.988	0.004	0.004	0.005
0.981	0.005	0.002	0.013
0.98	0.006	0.008	0.006
0.986	0.005	0.002	0.007
0.847	0.05	0.004	0.1
0.989	0.005	0.001	0.005
0.982	0.006	0.001	0.01
0.943	0.006	0.001	0.05
0.992	0.002	0.001	0.005
0.989	0.004	0.001	0.006
0.993	0.003	0.001	0.003
0.975	0.006	0.002	0.017
0.98	0.008	0.001	0.011
0.963	0.018	0.001	0.019
0.002	0.002	0.995	0.002
0.02	0.01	0.001	0.969
0.001	0.001	0.996	0.001
0.001	0.001	0.996	0.001
0.003	0.989	0.001	0.007
0.075	0.866	0.001	0.057
0.002	0.001	0.995	0.002
0.005	0.009	0.981	0.006
0.001	0.001	0.996	0.002
0.031	0.008	0.001	0.96
0.987	0.003	0.001	0.008
0.001	0.001	0.996	0.001
0.989	0.003	0.001	0.006
0.976	0.01	0.001	0.013
0.013	0.007	0.002	0.978
0.992	0.003	0.001	0.004
0.986	0.005	0.002	0.007
0.991	0.003	0.002	0.005
0.992	0.003	0.001	0.004
0.978	0.013	0.001	0.008
0.982	0.004	0.005	0.009
0.96	0.012	0.001	0.026
0.981	0.004	0.001	0.013
0.002	0.001	0.995	0.002
0.952	0.003	0.005	0.039
0.767	0.098	0.001	0.134
0.989	0.003	0.001	0.006
0.002	0.001	0.996	0.001
0.003	0.988	0.001	0.007
0.001	0.001	0.996	0.001
0.106	0.022	0.001	0.871
0.012	0.057	0.001	0.93
0.001	0.001	0.995	0.002
0.829	0.038	0.001	0.133
0.032	0.027	0.001	0.94
0.982	0.005	0.001	0.011
0.012	0.017	0.001	0.97
0.988	0.007	0.001	0.004
0.98	0.007	0.002	0.012
0.957	0.004	0.002	0.037
0.982	0.008	0.001	0.009
0.019	0.064	0.002	0.915
0.058	0.004	0.001	0.937
0.005	0.015	0.001	0.978
0.193	0.003	0.002	0.802
0.025	0.006	0.001	0.969
0.001	0.001	0.996	0.001
0.894	0.075	0.001	0.029
0.979	0.011	0.001	0.009
0.001	0.002	0.996	0.001
0.002	0.001	0.995	0.002
0.001	0.001	0.996	0.001
0.987	0.003	0.001	0.008
0.009	0.963	0.021	0.008
0.992	0.003	0.001	0.004
0.978	0.005	0.006	0.011
0.988	0.004	0.001	0.008
0.987	0.005	0.001	0.006
0.992	0.004	0.001	0.004
0.991	0.003	0.001	0.005
0.924	0.062	0.001	0.012
0.971	0.015	0.002	0.013
0.993	0.002	0.001	0.003
0.988	0.003	0.001	0.008
0.952	0.008	0.003	0.036
0.889	0.008	0.002	0.101
0.984	0.01	0.001	0.005
0.986	0.006	0.003	0.005
0.978	0.017	0.001	0.004
0.989	0.006	0.001	0.004
0.648	0.128	0.001	0.222
0.986	0.005	0.001	0.008
0.003	0.991	0.002	0.003
0.955	0.006	0.002	0.037
0.944	0.004	0.02	0.032
0.004	0.986	0.001	0.008
0.004	0.987	0.001	0.008
0.004	0.987	0.001	0.008
0.004	0.987	0.001	0.008
0.004	0.987	0.001	0.008
0.947	0.009	0.001	0.043
0.956	0.013	0.001	0.029
0.989	0.004	0.001	0.005
0.985	0.008	0.001	0.006
0.019	0.007	0.002	0.972
0.988	0.005	0.001	0.006
0.971	0.012	0.002	0.015
0.989	0.005	0.001	0.004
0.977	0.013	0.001	0.008
0.99	0.004	0.001	0.004
0.908	0.003	0.001	0.088
0.991	0.003	0.001	0.005
0.957	0.005	0.002	0.036
0.99	0.004	0.001	0.006
0.988	0.005	0.001	0.006
0.023	0.952	0.001	0.024
0.001	0.002	0.996	0.001
0.003	0.992	0.001	0.004
0.932	0.032	0.001	0.034
0.002	0.001	0.995	0.002
0.947	0.009	0.001	0.042
0.019	0.007	0.002	0.972
0.325	0.049	0.001	0.625
0.003	0.991	0.002	0.004
0.977	0.009	0.001	0.013
0.895	0.003	0.003	0.099
0.004	0.986	0.001	0.009
0.986	0.006	0.001	0.007
0.99	0.003	0.001	0.006
0.017	0.003	0.002	0.978
0.906	0.008	0.047	0.038
0.633	0.355	0.003	0.009
0.003	0.992	0.001	0.004
0.935	0.008	0.003	0.054
0.991	0.003	0.002	0.005
0.945	0.018	0.004	0.032
0.003	0.018	0.001	0.977
0.971	0.02	0.001	0.007
0.981	0.011	0.001	0.007
0.002	0.001	0.996	0.001
0.002	0.002	0.995	0.002
0.844	0.059	0.001	0.096
0.894	0.016	0.001	0.089
0.989	0.005	0.001	0.005
0.002	0.008	0.968	0.023
0.886	0.026	0.001	0.086
0.015	0.007	0.002	0.976
0.009	0.984	0.002	0.004
0.389	0.082	0.002	0.527
0.003	0.993	0.001	0.003
0.003	0.993	0.001	0.003
0.011	0.007	0.001	0.98
0.005	0.013	0.002	0.981
0.96	0.005	0.001	0.034
0.956	0.006	0.002	0.037
0.003	0.992	0.001	0.003
0.006	0.098	0.002	0.895
0.01	0.004	0.001	0.985
0.023	0.015	0.002	0.96
0.978	0.009	0.001	0.012
0.004	0.989	0.001	0.005
0.649	0.329	0.001	0.021
0.004	0.99	0.001	0.005
0.047	0.013	0.002	0.938
0.924	0.062	0.001	0.013
0.004	0.991	0.001	0.004
0.022	0.011	0.001	0.966
0.004	0.001	0.003	0.991
0.052	0.001	0.057	0.89
0.004	0.001	0.003	0.991
0.011	0.001	0.118	0.87
0.004	0.001	0.005	0.989
0.125	0.004	0.004	0.867
0.035	0.001	0.037	0.926
0.003	0.001	0.002	0.993
0.007	0.002	0.002	0.989
0.016	0.001	0.005	0.978
0.01	0.001	0.003	0.986
0.082	0.011	0.076	0.831
0.005	0.005	0.002	0.988
0.004	0.001	0.004	0.99
0.159	0.001	0.119	0.721
0.006	0.001	0.006	0.988
0.015	0.001	0.184	0.799
0.017	0.001	0.234	0.747
0.005	0.001	0.005	0.989
0.02	0.002	0.526	0.453
0.004	0.001	0.003	0.992
0.043	0.001	0.002	0.953
0.022	0.001	0.019	0.958
0.763	0.002	0.005	0.231
0.008	0.001	0.004	0.987
0.44	0.002	0.003	0.555
0.26	0.002	0.01	0.728
0.006	0.001	0.006	0.987
0.02	0.001	0.006	0.972
0.004	0.002	0.002	0.993
0.007	0.001	0.004	0.989
0.018	0.001	0.021	0.96
0.009	0.007	0.006	0.977
0.016	0.004	0.059	0.921
0.008	0.001	0.01	0.981
0.024	0.003	0.01	0.963
0.011	0.008	0.005	0.976
0.008	0.001	0.005	0.986
0.007	0.003	0.004	0.986
0.008	0.001	0.003	0.988
0.003	0.001	0.003	0.993
0.005	0.001	0.003	0.991
0.004	0.001	0.002	0.992
0.007	0.002	0.002	0.988
0.004	0.001	0.002	0.992
0.006	0.001	0.008	0.985
0.004	0.001	0.003	0.992
0.004	0.001	0.002	0.992
0.005	0.002	0.004	0.988
0.02	0.001	0.004	0.975
0.005	0.001	0.004	0.99
0.008	0.001	0.004	0.986
0.017	0.001	0.003	0.979
0.013	0.002	0.004	0.981
0.024	0.001	0.017	0.957
0.003	0.001	0.002	0.993
0.004	0.001	0.003	0.991
0.006	0.002	0.003	0.99
0.01	0.001	0.007	0.981
0.008	0.001	0.004	0.987
0.004	0.001	0.003	0.992
0.006	0.001	0.003	0.99
0.005	0.002	0.002	0.991
0.005	0.001	0.005	0.989
0.008	0.002	0.004	0.986
0.011	0.001	0.017	0.971
0.005	0.001	0.003	0.991
0.004	0.001	0.004	0.991
0.01	0.001	0.01	0.978
0.98	0.001	0.008	0.011
0.004	0.002	0.991	0.003
0.011	0.001	0.984	0.004
0.004	0.001	0.991	0.004
0.005	0.002	0.99	0.004
0.011	0.001	0.984	0.004
0.983	0.001	0.006	0.009
0.004	0.001	0.992	0.003
0.043	0.003	0.006	0.947
0.003	0.001	0.993	0.003
0.007	0.001	0.984	0.008
0.005	0.001	0.989	0.005
0.004	0.001	0.991	0.003
0.978	0.001	0.008	0.012
0.335	0.002	0.652	0.011
0.006	0.002	0.989	0.003
0.986	0.001	0.01	0.003
0.981	0.001	0.015	0.003
0.988	0.001	0.007	0.003
0.003	0.001	0.992	0.003
0.011	0.001	0.007	0.981
0.645	0.001	0.35	0.004
0.009	0.013	0.974	0.003
0.979	0.001	0.008	0.012
0.019	0.003	0.967	0.01
0.005	0.001	0.991	0.003
0.008	0.001	0.987	0.004
0.006	0.001	0.988	0.005
0.006	0.001	0.989	0.004
0.752	0.009	0.018	0.221
0.979	0.001	0.009	0.01
0.98	0.002	0.009	0.009
0.589	0.002	0.012	0.397
0.982	0.002	0.007	0.008
0.987	0.001	0.005	0.007
0.005	0.001	0.99	0.003
0.003	0.001	0.992	0.003
0.98	0.002	0.012	0.005
0.963	0.001	0.006	0.03
0.01	0.02	0.006	0.965
0.004	0.001	0.99	0.004
0.004	0.001	0.991	0.003
0.005	0.001	0.989	0.004
0.021	0.002	0.003	0.973
0.774	0.004	0.211	0.011
0.004	0.001	0.991	0.003
0.917	0.001	0.073	0.009
0.299	0.002	0.005	0.694
0.88	0.001	0.045	0.074
0.029	0.001	0.762	0.208
0.007	0.001	0.989	0.004
0.043	0.001	0.523	0.432
0.004	0.001	0.004	0.991
0.018	0.001	0.011	0.97
0.814	0.138	0.041	0.007
0.081	0.002	0.012	0.905
0.001	0.996	0.001	0.001
0.001	0.996	0.001	0.001
0.007	0.001	0.008	0.984
0.037	0.001	0.012	0.949
0.968	0.001	0.011	0.02
0.001	0.996	0.001	0.001
0.984	0.001	0.006	0.009
0.004	0.001	0.005	0.99
0.953	0.002	0.007	0.038
0.039	0.001	0.01	0.95
